line_code	NEH1_14	OHH1_15	DEH1_15	DEH1_14	MOH1_14	ONH2_14	IAH1a_14	ILH1_15	INH1_15	SDH1_15	MOH2_15	MOH1_15	NYH3_15	TXH2_15	MNH1_15	ONH2_15	NYH2_15	ONH1_15
B73_NC230-041-1-1-1-1/LH185	64.4519238944437	NA	NA	NA	64.5521855237138	NA	66.0594312249384	NA	NA	NA	NA	NA	NA	NA	75.9764746720616	NA	84.2719847193874	NA
B73_NC230-059-1-1-1-1/LH185	63.1853397458628	63.9744110726841	64.796575091131	NA	66.5521855237138	NA	68.7559082689073	61.8881956603428	NA	75.8843961708809	73.617344116782	NA	81.0757166673862	NA	74.9764746720616	NA	NA	86.770952974497
B73_NC230-129-1-1-1-1/LH185	65.6963958449167	63.420661898713	62.6437786443742	NA	64.7047351174194	NA	67.6041467908917	NA	72.0833724025769	NA	70.1341363219192	75.1625442189051	NA	75.5000000065053	NA	NA	NA	NA
CG120/LH185	52.9547045800157	NA	NA	61.5780181937998	NA	61.4999999999999	61.2475424783882	NA	NA	64.9999999999994	NA	NA	NA	NA	NA	73.4745203234508	NA	78.5100124512699
CG65/LH185	53.4547045800157	NA	NA	63.5780181937998	NA	63.9999999999999	62.2475424783882	NA	NA	66.9999999999994	NA	71.4833142004732	73.1301243432416	NA	71.023525320864	74.0079423148092	75.7671222907612	83.0497132202992
CGR01/LH185	54.4547045800157	NA	NA	62.7095126755391	NA	62.9999999999999	63.7475424783882	NA	NA	NA	NA	NA	NA	NA	NA	NA	NA	NA
CGR03/LH185	56.4547045800157	NA	NA	64.4465237120604	NA	63.0110254358341	64.0259551922088	NA	NA	NA	NA	NA	NA	NA	NA	NA	NA	NA
LH195/LH185	60.9547045800157	63.1167093022172	64.0699377842939	66.5780181937998	NA	68.4999999999999	67.2475424783882	69.9953176973448	68.7694469244468	73.1156038291178	70.4330038481533	78.723073481492	79.6455070097887	77.5000000372571	79.0000000129694	NA	82.9971280727805	87.6573842702559
M0001/LH185	60.7740463735788	NA	NA	64.0523157300787	64.1915844315627	66.9999999999999	66.3284381464868	NA	NA	NA	NA	NA	NA	NA	NA	NA	NA	NA
M0003/LH185	60.7740463735788	63.083505863756	62.4437855125375	65.0523157300787	64.5147389504061	66.4999999999999	66.8284381464868	65.8287248555276	NA	NA	72.59478806523	75.8467299152157	75.6781183367456	73.890338115645	NA	NA	79.9911969740347	84.647593509126
M0008/LH185	62.2740463735788	65.083505863756	NA	63.4179520148721	64.5147389504061	66.9999999999999	66.8284381464868	66.7326018740125	NA	NA	71.199481110559	76.8960739721053	74.4395969819808	76.1096618716931	73.023525320864	78.2878432505741	NA	NA
M0012/LH185	60.7740463735788	NA	NA	63.0523157300787	63.5147389504061	65.4999999999999	67.1629546301826	NA	NA	NA	NA	NA	NA	NA	NA	NA	NA	NA
M0014/LH185	60.7740463735788	NA	NA	NA	63.0147389504061	64.9999999999999	65.8284381464868	NA	NA	NA	NA	NA	NA	71.8903380741088	77.9764746461227	NA	NA	NA
M0022/LH185	64.2032909867844	NA	NA	65.0523157300787	66.0147389504061	68.9999999999999	66.3284381464868	NA	NA	70.8843961708809	NA	NA	74.0925664145229	NA	70.0235253703837	81.3302868409736	82.3884922043104	86.4225823288692
M0024/LH185	NA	NA	NA	NA	NA	NA	NA	NA	66.4809868078779	NA	NA	NA	77.6572926213062	76.109661779162	NA	NA	NA	84.5351191005433
M0027/LH185	60.2740463735788	NA	NA	61.0523157300787	62.5147389504061	63.4999999999999	64.8284381464868	NA	NA	NA	NA	NA	NA	NA	NA	NA	NA	NA
M0028/LH185	59.7740463735788	NA	NA	65.0523157300787	65.5147389504061	65.9889745641657	67.3284381464868	NA	NA	NA	73.0663016682174	73.3126301789675	NA	74.1096618716931	NA	80.3302531240411	80.8241063200067	NA
M0030/LH185	63.2740463735788	NA	64.6437786443742	65.0523157300787	63.5147389504061	66.4999999999999	66.8284381464868	67.5851889126969	NA	NA	70.9445690130074	76.7541391704507	74.5398990892994	76.890338115645	NA	NA	79.824367322699	83.5058008862858
M0035/LH185	62.2740463735788	NA	NA	64.0523157300787	64.5147389504061	66.4999999999999	65.3284381464868	NA	NA	NA	NA	NA	NA	NA	NA	NA	NA	NA
M0039/LH185	60.2740463735788	NA	NA	64.6866794452852	63.5147389504061	65.4999999999999	64.8284381464868	NA	NA	NA	NA	NA	NA	NA	NA	NA	NA	NA
M0041/LH185	62.7740463735788	61.420661898713	NA	65.4179520148721	64.1915844315627	66.9999999999999	65.8284381464868	NA	NA	76.1156038291178	NA	71.8960739721053	NA	NA	77.0235253537662	78.2992960222251	77.5238013736449	NA
M0042/LH185	62.7740463735788	NA	NA	65.4179520148721	66.0147389504061	67.9999999999999	68.1629546301826	NA	NA	NA	NA	NA	NA	NA	NA	NA	NA	NA
M0045/LH185	60.2740463735788	NA	NA	64.0523157300787	62.5147389504061	64.4999999999999	65.1629546301826	NA	NA	NA	NA	NA	NA	NA	NA	NA	NA	NA
M0051/LH185	61.2032909867844	NA	NA	63.0523157300787	64.5147389504061	64.9999999999999	65.8284381464868	NA	NA	69.8843961708809	NA	72.8547434687388	NA	NA	NA	78.2992960222251	NA	NA
M0052/LH185	60.7740463735788	62.1847890221092	63.796575091131	65.0523157300787	64.0147389504061	65.9999999999999	65.3284381464868	NA	NA	NA	NA	76.7541391704507	75.499143008897	74.8903380741088	74.9764746438756	NA	NA	85.6528820793793
M0058/LH185	63.7740463735788	NA	63.4437855125375	63.0523157300787	65.5147389504061	65.9999999999999	65.4939216627911	66.2757061011223	NA	NA	NA	NA	74.0757166673862	NA	NA	NA	81.9911969740347	85.4633111725191
M0075/LH185	60.2740463735788	NA	NA	63.0523157300787	63.5147389504061	65.9999999999999	65.8284381464868	NA	NA	NA	NA	NA	NA	NA	NA	NA	NA	NA
M0076/LH185	60.2740463735788	NA	NA	65.0523157300787	63.5147389504061	66.9999999999999	66.1629546301826	NA	NA	NA	NA	NA	NA	NA	NA	NA	NA	NA
M0077/LH185	61.7740463735788	NA	NA	NA	66.0147389504061	67.9999999999999	66.8284381464868	NA	NA	NA	NA	NA	NA	NA	NA	NA	NA	NA
M0083/LH185	60.7740463735788	NA	NA	63.0523157300787	63.0147389504061	63.9999999999999	66.3284381464868	NA	NA	NA	NA	NA	NA	NA	NA	NA	NA	NA
M0085/LH185	59.7740463735788	61.1847890221092	64.6437786443742	65.4179520148721	64.5147389504061	65.4999999999999	65.3284381464868	NA	NA	NA	NA	73.1625442189051	NA	NA	NA	NA	NA	NA
M0088/LH185	62.7740463735788	63.1847890221092	NA	64.6866794452852	64.5147389504061	67.4999999999999	67.1629546301826	NA	NA	NA	71.8963653484825	NA	72.487572816779	NA	76.9764746674564	NA	81.8241063200067	86.4633111725191
M0099/LH185	67.2740463735788	NA	NA	66.5523157300787	67.0147389504061	68.4999999999999	66.3284381464868	NA	NA	NA	NA	NA	NA	NA	NA	NA	NA	NA
M0101/LH185	62.2740463735788	61.4952868523105	NA	64.0523157300787	63.5147389504061	64.4999999999999	65.3284381464868	66.7772023813748	NA	NA	NA	71.2882495100249	73.6781183367456	72.8903380427313	75.023525320864	78.3070189292258	78.9540549900291	83.3775086696742
M0106/LH185	63.7740463735788	NA	NA	65.5523157300787	65.0147389504061	66.9999999999999	66.3284381464868	NA	NA	75.8843961708809	NA	75.2882495100249	77.4540115579532	NA	77.9764746674564	NA	NA	81.5351191005433
M0114/LH185	62.7740463735788	NA	NA	62.6866794452852	63.5147389504061	64.9999999999999	65.3284381464868	NA	NA	NA	NA	NA	NA	NA	NA	NA	NA	NA
M0118/LH185	62.2740463735788	64.6933629696517	63.7032268325884	65.0523157300787	65.0147389504061	65.9999999999999	66.3284381464868	NA	NA	NA	NA	NA	73.6455070097887	71.109661923038	NA	NA	84.6415808386562	83.2651756951337
M0143/LH185	60.2740463735788	62.1847890221092	NA	63.0523157300787	64.5147389504061	66.9999999999999	67.1629546301826	NA	NA	NA	74.0075088114021	76.2882495100249	NA	73.8903381413174	NA	78.6760400329935	82.8196376554856	87.3671428231606
M0151/LH185	61.7740463735788	NA	63.7244492680813	64.0523157300787	64.0147389504061	66.9999999999999	66.1629546301826	NA	NA	NA	NA	74.4833142004732	NA	NA	75.0235253137898	NA	79.824367322699	85.4633111725191
M0154/LH185	63.2740463735788	NA	62.796575091131	63.0523157300787	63.5147389504061	65.4999999999999	64.8284381464868	65.1585752298681	NA	NA	NA	NA	75.6781183367456	NA	NA	77.2992960222251	NA	83.3671428231606
M0159/LH185	66.7740463735788	NA	66.3534839050441	67.4179520148721	66.0147389504061	69.4999999999999	68.4939216627911	NA	NA	NA	NA	NA	NA	NA	79.023525292567	80.2654499750218	NA	NA
M0163/LH185	63.7740463735788	NA	NA	66.0523157300787	66.5147389504061	66.9999999999999	67.8284381464868	NA	NA	NA	NA	NA	NA	NA	NA	NA	NA	NA
M0172/LH185	61.7740463735788	NA	NA	64.6866794452852	64.5147389504061	66.4999999999999	67.3284381464868	NA	NA	NA	NA	NA	NA	NA	NA	NA	NA	NA
M0186/LH185	63.7740463735788	63.0173153244095	61.3530635523686	64.0523157300787	63.5147389504061	64.9999999999999	65.3284381464868	NA	NA	70.1156038291178	68.7741967230964	72.5309974876055	75.7836861127466	72.8903381413174	NA	78.6855977886447	NA	87.2797930693704
M0266/LH185	62.7740463735788	NA	63.64517620541	64.6866794452852	66.5147389504061	66.4999999999999	68.3284381464868	NA	NA	NA	75.0578437863596	NA	75.7836861127465	NA	78.9764746674564	NA	NA	83.5058008862858
M0269/LH185	60.7740463735788	62.3597093878821	NA	62.6866794452852	67.1915844315626	67.9999999999999	65.3284381464868	66.6671762835072	NA	NA	NA	73.3911690600559	NA	74.890338115645	74.9764746438756	NA	NA	NA
M0272/LH185	60.7740463735788	NA	NA	65.0523157300787	65.0147389504061	66.9999999999999	69.1629546301826	NA	NA	NA	NA	NA	NA	NA	NA	NA	NA	NA
M0287/LH185	62.7740463735788	67.0481839164996	NA	65.0523157300787	66.0147389504061	65.9999999999999	66.1629546301826	NA	69.1538940750646	NA	70.8963653484825	74.718094568849	72.3508533541974	75.1096618374632	NA	77.6835906718798	NA	84.9093121375374
M0296/LH185	61.7740463735788	NA	64.1472579947708	65.0523157300787	64.0147389504061	66.9999999999999	66.1629546301826	67.1585752298681	NA	NA	NA	75.4833142004732	NA	73.8903381409674	NA	NA	NA	NA
M0297/LH185	59.7740463735788	NA	NA	65.0523157300787	64.0147389504061	65.9999999999999	65.3284381464868	NA	NA	NA	NA	NA	NA	NA	NA	NA	NA	NA
M0311/LH185	63.2032909867844	NA	65.3040253578089	65.0523157300787	63.5147389504061	66.9889745641656	66.8284381464868	NA	NA	NA	NA	77.7645220374767	NA	NA	NA	NA	NA	NA
M0317/LH185	62.2740463735788	NA	NA	63.0523157300787	64.0147389504061	65.9999999999999	66.0502659852549	NA	NA	NA	NA	NA	NA	NA	NA	NA	NA	NA
M0323/LH185	60.2740463735788	63.5369972929843	63.1318556465045	62.0523157300787	65.5147389504061	65.9999999999999	67.3284381464868	68.2844476882588	68.0833724025769	NA	71.4215142055148	74.1625442189051	77.0366095217381	74.499999955786	68.9764746579131	NA	NA	NA
M0325/LH185	61.2740463735788	NA	NA	66.0523157300787	64.5147389504061	65.4999999999999	65.1629546301826	NA	NA	71.4999999999994	NA	NA	75.3769175020659	NA	NA	NA	NA	86.4563846021298
M0326/LH185	NA	NA	NA	NA	NA	NA	NA	NA	NA	NA	NA	NA	76.0366095217381	NA	73.0235253301854	80.2795597566279	79.7492556143527	84.2797930693704
M0346/LH185	61.2032909867844	NA	63.796575091131	64.0523157300787	64.0147389504061	65.9999999999999	66.3284381464868	67.4019771602233	NA	NA	71.4215142055148	NA	NA	NA	NA	NA	NA	NA
M0352/LH185	54.7740463735788	NA	NA	61.0523157300787	62.5147389504061	63.9999999999999	62.3284381464868	NA	NA	NA	NA	NA	NA	NA	NA	NA	NA	NA
M0355/LH185	63.2740463735788	NA	NA	62.6866794452852	63.5147389504061	64.9999999999999	65.3284381464868	NA	NA	NA	NA	NA	NA	NA	NA	NA	NA	NA
M0369/LH185	61.2740463735788	NA	NA	64.0523157300787	64.5147389504061	66.9999999999999	65.1629546301826	NA	NA	NA	NA	NA	NA	NA	NA	NA	NA	NA
M0378/LH185	63.2032909867844	NA	NA	64.6866794452852	65.0147389504061	67.4999999999999	66.3284381464868	NA	NA	NA	NA	NA	NA	NA	NA	NA	NA	NA
MO44_LH145_0127/LH185	56.4519238944437	58.8585906559965	NA	NA	60.5521855237138	NA	60.9700000930318	NA	64.1538940750646	65.8843961708809	67.362253531697	NA	68.6572926213062	NA	NA	NA	75.3884922043104	80.770952974497
MO44_LH145_0138/LH185	59.9519238944437	NA	NA	NA	63.0521855237138	NA	66.5594312249384	NA	NA	68.8843961708809	NA	NA	72.3531249967044	NA	78.9764746627402	76.6835906718798	81.3884922043104	83.3671428231606
MO44_PHG47_0072/LH185	56.4519238944437	61.017099359704	NA	NA	64.5521855237138	NA	64.5594312249384	NA	NA	NA	NA	73.7541391704507	73.0366095217381	NA	NA	NA	80.7492556143527	84.3671428231606
MO44_PHW65_0025/LH185	62.9519238944437	NA	63.4903012338734	NA	64.0521855237138	NA	67.0594312249384	NA	NA	NA	NA	74.3126301789675	NA	NA	NA	NA	NA	NA
MO44_PHW65_0035/LH185	58.9519238944437	63.6253914245108	64.3530635523686	NA	65.0098343048305	NA	67.422574935574	68.852958429307	71.0685472120159	NA	NA	72.0406141843667	74.0366095217381	NA	75.023525320864	78.3193534346014	NA	86.9093121375374
MO44_PHW65_0193/LH185	57.4519238944437	NA	NA	NA	63.5521855237138	NA	65.0594312249384	NA	66.0780184917922	NA	NA	NA	NA	NA	NA	NA	80.9971280727805	NA
MOG_LH123HT-199-1-1-1-1-B/LH185	65.9519238944437	NA	NA	NA	66.5521855237138	NA	67.7559082689073	NA	NA	66.1156038291178	NA	NA	77.0925664145229	NA	76.9764746579131	80.2795597566279	81.7492556143527	86.2797930693704
MOG_LH123HT-200-1-1-1-1-B/LH185	61.4519238944437	NA	NA	NA	67.0521855237138	NA	69.0594312249384	NA	NA	NA	75.9024898183752	72.5309974876055	NA	NA	NA	NA	NA	NA
MOG_LH145_0162/LH185	57.9519238944437	NA	NA	NA	62.5521855237138	NA	64.9700000930318	NA	NA	NA	NA	NA	NA	NA	NA	NA	NA	NA
MOG_LH145_0173/LH185	62.4519238944437	NA	NA	NA	62.5521855237138	NA	69.5594312249384	NA	69.7820893231977	NA	NA	NA	NA	NA	NA	NA	NA	NA
MOG_LH145_0175/LH185	62.9519238944437	NA	NA	NA	65.5521855237138	NA	67.0892416022406	NA	NA	NA	NA	NA	NA	NA	NA	NA	NA	NA
MOG_MO45-030-1-1-1-1-B/LH185	60.9519238944437	NA	62.4437855125375	NA	65.5521855237138	NA	67.9700000930318	NA	NA	NA	NA	NA	NA	NA	NA	NA	NA	NA
MOG_MO45-074-1-1-1-1-B/LH185	65.4519238944437	NA	NA	NA	68.0521855237138	NA	70.5594312249384	NA	NA	NA	NA	NA	NA	NA	NA	NA	NA	NA
MOG_MO45-078-1-1-1-1-B/LH185	64.7185080430246	NA	63.1622653913858	NA	64.0945367425971	NA	66.9700000930318	NA	69.7694469244468	NA	NA	NA	NA	NA	78.023525292567	NA	81.5848506850527	NA
MOG_MO45-128-1-1-1-1-B/LH185	64.1853397458628	65.1202583598403	64.5566541529077	NA	66.5521855237138	NA	69.5594312249384	NA	NA	NA	72.5373292853597	NA	NA	NA	NA	NA	NA	NA
MOG_OH43_0071/LH185	66.4519238944437	NA	NA	NA	65.0521855237138	NA	67.0594312249384	67.5851889126969	68.4218181493698	NA	NA	NA	NA	NA	NA	NA	NA	NA
MOG_OH43_0170/LH185	60.9519238944437	62.8238990609796	64.7270410734811	NA	64.0521855237138	NA	65.5594312249384	NA	NA	NA	NA	NA	NA	NA	75.0235253584824	NA	81.8241063200067	85.4633111725191
MOG_OH43_0367/LH185	60.4519238944437	62.3597093878821	65.1109303743627	NA	66.0521855237138	NA	66.7559082689073	67.6671762835072	NA	NA	NA	NA	NA	NA	77.0235253537662	NA	NA	NA
MOG_PHG83-090-1-1-1-1-B/LH185	64.4519238944437	64.3597093878821	65.3530635523686	NA	66.0521855237138	NA	70.5594312249384	NA	68.8356255246887	NA	70.7224003970263	NA	NA	NA	NA	NA	84.4647413149922	NA
MOG_PHG83-224-1-1-1-1-B/LH185	63.9519238944437	64.420661898713	61.1318556465045	NA	63.5521855237138	NA	67.0594312249384	NA	NA	NA	NA	NA	NA	NA	NA	NA	NA	NA
PHN11_LH145_0003/LH185	57.4519238944437	NA	NA	NA	62.0098343048305	NA	63.7559082689073	64.585188912697	NA	67.1156038291178	NA	68.7964985343375	71.6572926213062	NA	NA	78.2670890800566	80.2719847193874	80.6475935091259
PHN11_LH145_0028/LH185	56.4519238944437	NA	NA	NA	62.0521855237138	NA	64.5594312249384	NA	NA	NA	NA	NA	NA	NA	NA	74.6760400329935	NA	NA
PHN11_LH145_0085/LH185	57.9519238944437	NA	62.6437786443742	NA	62.5521855237138	NA	64.5594312249384	64.4054464819926	65.8356255246887	67.1156038291178	NA	NA	75.7793295349317	NA	77.023525349161	NA	77.5238013736449	82.6528820793793
PHN11_OH43_0001/LH185	61.9519238944437	61.3597093878821	62.64517620541	NA	64.5521855237138	NA	67.0594312249384	66.1585752298681	NA	72.8843961708809	NA	NA	71.6572926213062	NA	NA	NA	NA	84.6528820793793
PHN11_OH43_0036/LH185	57.4519238944437	60.420661898713	61.7370671615721	NA	61.0521855237138	NA	65.0594312249384	65.238664704723	65.0780184917922	NA	NA	72.7616449823857	74.5398990892994	NA	72.9764746674564	NA	NA	NA
PHN11_OH43_0075/LH185	59.9519238944437	NA	NA	NA	64.0521855237138	NA	65.5594312249384	64.9648004020774	67.7632393421	NA	NA	NA	NA	NA	79.0235253301854	NA	77.5238013736449	NA
PHN11_OH43_0088/LH185	61.4519238944437	NA	63.796575091131	NA	64.0521855237138	NA	66.0594312249384	68.5851889126969	67.8468541943765	65.1156038291178	NA	NA	NA	NA	76.0235253137898	NA	NA	NA
PHN11_OH43_0142/LH185	57.4519238944437	NA	NA	NA	61.5521855237138	NA	65.0594312249384	65.7398647615039	67.1700046882768	NA	NA	70.2882495100249	NA	NA	67.9764747050747	NA	78.824367322699	NA
PHN11_PHG47_0251/LH185	57.4519238944437	NA	NA	NA	62.5521855237138	NA	65.5594312249384	65.7326018740125	NA	70.1156038291178	NA	70.5309974876055	70.7836861127465	NA	NA	NA	77.9911969740347	NA
PHN11_PHW65_0275/LH185	63.9519238944437	62.1202583598403	NA	NA	64.5521855237138	NA	67.0594312249384	NA	NA	73.8843961708809	NA	72.9611573322134	NA	NA	NA	NA	82.4647413149922	NA
PHW65_MOG_0012/LH185	63.4519238944437	NA	NA	NA	65.0521855237138	NA	67.0594312249384	NA	69.7820893231977	NA	NA	NA	NA	NA	NA	NA	NA	NA
PHW65_MOG_0137/LH185	63.4519238944437	63.6933629696518	NA	NA	65.0521855237138	NA	66.7559082689073	NA	66.9584892846807	NA	NA	NA	NA	NA	NA	NA	NA	NA
PHW65_MOG_0271/LH185	63.4519238944437	NA	63.7270410734811	NA	64.5521855237138	NA	68.5594312249384	69.2844476882588	NA	NA	NA	77.8823638222316	NA	NA	NA	NA	NA	NA
TX204/LH185	61.6414894517373	NA	NA	64.2885163543796	NA	67.6629915213884	66.9975424783882	NA	NA	NA	NA	NA	NA	NA	NA	NA	NA	NA
TX772/LH185	61.9547045800157	NA	NA	66.0780181937998	NA	68.9999999999999	69.2475424783882	NA	NA	NA	NA	NA	NA	NA	NA	NA	NA	NA
W10004_0032/LH185	55.9547045800157	58.6033158117317	NA	60.7095126755391	NA	62.9999999999999	63.7475424783882	NA	NA	NA	69.5373292853597	72.1295126075413	NA	NA	73.0235253584824	NA	78.1378183814343	NA
W10004_0076/LH185	59.4547045800157	NA	62.7270410734811	63.5780181937998	NA	66.9889745641656	65.2475424783882	NA	67.2456008620967	73.1156038291178	71.7741967230964	73.8823638222316	NA	NA	NA	77.7712356124507	79.9971280727805	84.5351191005433
W10005_0029/LH185	59.4547045800157	NA	NA	62.4465237120604	NA	64.0110254358341	65.0259551922088	NA	NA	NA	NA	NA	NA	NA	NA	NA	NA	NA
W10005_0037/LH185	60.4547045800157	NA	NA	63.5780181937998	NA	64.9963248547218	64.3214049071147	NA	NA	NA	NA	NA	NA	NA	NA	NA	NA	NA
W10005_0107/LH185	59.4547045800157	NA	NA	61.9551830210463	NA	64.9963248547218	65.654738240448	NA	NA	NA	NA	NA	NA	NA	NA	NA	NA	NA
W10005_0147/LH185	57.894349964851	NA	NA	62.4465237120605	NA	NA	65.0259551922088	NA	NA	NA	NA	NA	NA	NA	NA	NA	NA	NA
W10005_0220/LH185	59.4547045800157	NA	NA	62.4465237120604	NA	67.0110254358341	65.0259551922088	NA	NA	NA	NA	NA	NA	NA	NA	NA	NA	NA
Z013E0002/LH185	62.6671228897804	NA	63.796575091131	67.4999999999997	64.4993632281811	NA	66.693934685713	NA	NA	NA	NA	75.2882495100249	NA	NA	NA	NA	NA	NA
Z013E0006/LH185	65.677206727741	NA	64.7032268325884	66.4999999999997	65.4993632281811	NA	68.193934685713	70.4019771602233	NA	NA	NA	NA	NA	NA	NA	NA	NA	NA
Z013E0007/LH185	63.177206727741	NA	64.3040253578089	65.7788550747653	65.9993632281811	NA	68.693934685713	NA	NA	NA	NA	76.8547434687388	NA	NA	NA	NA	NA	NA
Z013E0014/LH185	64.677206727741	NA	NA	67.4999999999997	66.9993632281811	NA	68.3804728982923	NA	NA	NA	NA	NA	NA	78.1096619014693	NA	NA	NA	NA
Z013E0026/LH185	64.177206727741	63.487594940369	64.4903012338734	65.9999999999997	66.4993632281811	NA	70.193934685713	NA	NA	NA	NA	NA	NA	NA	NA	NA	NA	NA
Z013E0028/LH185	64.677206727741	63.884882152932	63.7370671615721	66.4999999999997	65.4993632281811	NA	67.4650886148532	NA	NA	NA	NA	NA	NA	74.1096618374632	NA	NA	NA	NA
Z013E0032/LH185	63.177206727741	NA	NA	65.9999999999997	63.4993632281811	NA	69.3804728982923	NA	NA	NA	72.59478806523	NA	NA	NA	NA	NA	NA	NA
Z013E0034/LH185	62.6671228897804	NA	63.7032268325884	64.2211449252342	65.4993632281811	NA	68.7984219481865	NA	NA	NA	NA	NA	NA	NA	NA	NA	NA	NA
Z013E0046/LH185	67.677206727741	NA	NA	66.9999999999997	68.1074039732005	NA	71.193934685713	NA	NA	NA	NA	NA	NA	NA	NA	NA	NA	NA
Z013E0052/LH185	63.177206727741	NA	NA	66.9999999999997	65.4993632281811	NA	71.693934685713	NA	NA	NA	73.617344116782	NA	NA	NA	NA	NA	NA	NA
Z013E0055/LH185	64.177206727741	64.156717453007	64.1318556465045	65.9999999999997	67.4993632281811	NA	68.193934685713	NA	69.7694469244468	NA	NA	NA	NA	73.8903381413174	NA	NA	NA	NA
Z013E0059/LH185	62.677206727741	62.6080271799235	NA	64.9999999999997	66.9993632281811	NA	68.693934685713	NA	68.0561095831747	NA	NA	75.157897452959	NA	NA	NA	NA	NA	NA
Z013E0063/LH185	60.677206727741	64.6933629696517	63.2483652054633	65.9999999999997	66.4993632281811	NA	67.693934685713	70.2844476882588	NA	NA	NA	NA	NA	NA	NA	NA	NA	NA
Z013E0067/LH185	66.177206727741	NA	64.5566541529077	66.9999999999997	65.9993632281811	NA	69.693934685713	NA	68.0561095831747	NA	71.3239569397538	78.0406141843667	NA	NA	NA	NA	NA	NA
Z013E0072/LH185	63.177206727741	NA	NA	64.9999999999997	66.8913224831617	NA	69.193934685713	NA	NA	NA	NA	76.8547434687388	NA	76.109661779162	NA	NA	NA	NA
Z013E0078/LH185	66.677206727741	NA	63.7244492680813	67.4999999999997	68.9993632281811	NA	68.193934685713	NA	NA	NA	NA	75.7616449823857	NA	NA	NA	NA	NA	NA
Z013E0080/LH185	63.177206727741	NA	NA	65.9999999999997	65.4993632281811	NA	68.4650886148532	NA	NA	NA	NA	NA	NA	NA	NA	NA	NA	NA
Z013E0082/LH185	63.177206727741	64.487594940369	65.5566541529077	67.4999999999997	66.4993632281811	NA	69.693934685713	NA	70.7155784042598	NA	NA	NA	NA	NA	NA	NA	NA	NA
Z013E0087/LH185	65.177206727741	NA	NA	64.9999999999997	66.4993632281811	NA	69.193934685713	70.2757061011223	NA	NA	NA	74.3126301789675	NA	NA	NA	NA	NA	NA
Z013E0090/LH185	63.677206727741	NA	NA	65.9999999999997	66.9993632281811	NA	66.193934685713	72.5971943022399	NA	NA	NA	NA	NA	NA	NA	NA	NA	NA
Z013E0093/LH185	63.677206727741	63.017099359704	NA	64.9999999999997	65.9993632281811	NA	70.7984219481865	NA	66.8356255246887	NA	NA	NA	NA	NA	NA	NA	NA	NA
Z022E0003/LH185	61.2582446027685	NA	62.7270410734811	63.9999999999998	64.0521855237135	65.4999999999999	65.0111864160996	NA	NA	NA	71.59478806523	NA	NA	NA	NA	NA	NA	NA
Z022E0005/LH185	61.2582446027685	NA	64.4437855125375	63.9999999999998	64.5521855237135	64.9999999999999	67.0111864160996	NA	NA	NA	69.362253531697	69.7616449823857	NA	NA	NA	NA	NA	NA
Z022E0006/LH185	56.7582446027685	NA	NA	64.9999999999998	63.5521855237135	62.9889745641657	64.0111864160996	NA	NA	NA	NA	NA	NA	NA	NA	NA	NA	NA
Z022E0008/LH185	57.7582446027685	62.4952868523105	63.7032268325884	64.9483185841452	65.0521855237135	64.9999999999999	66.5111864160996	NA	67.7820893231977	NA	NA	NA	NA	NA	NA	NA	NA	NA
Z022E0009/LH185	62.7582446027685	NA	NA	65.0516814158544	63.5521855237135	64.4999999999999	66.0111864160996	66.2225968474263	72.8468541943765	NA	NA	NA	NA	NA	NA	NA	NA	NA
Z022E0017/LH185	58.7582446027685	NA	63.7370671615721	64.9999999999998	63.5521855237135	65.4999999999999	66.0111864160996	NA	NA	NA	NA	71.4833142004732	NA	NA	76.9764746531969	NA	80.3884922043104	NA
Z022E0023/LH185	58.2582446027685	63.6033158117317	NA	64.9999999999998	66.5521855237135	64.9999999999999	66.0111864160996	NA	68.0561095831746	NA	69.1341363219193	NA	NA	NA	75.023525349161	NA	NA	NA
Z022E0025/LH185	57.7582446027685	NA	NA	64.9999999999998	62.5521855237135	63.4999999999999	65.0111864160996	NA	NA	NA	NA	71.2671032951004	NA	NA	NA	NA	NA	NA
Z022E0027/LH185	60.2582446027685	NA	NA	64.9999999999998	63.0521855237135	64.9889745641656	65.5111864160996	NA	NA	NA	NA	NA	NA	NA	NA	NA	NA	NA
Z022E0042/LH185	63.2582446027685	NA	NA	64.9999999999998	65.0521855237135	66.4999999999999	65.5111864160996	NA	NA	NA	NA	NA	NA	NA	NA	NA	NA	NA
Z022E0046/LH185	63.7582446027685	NA	NA	64.9999999999998	64.8592082681818	66.4999999999999	66.0111864160996	NA	NA	NA	NA	NA	NA	NA	NA	NA	NA	NA
Z022E0048/LH185	61.7582446027685	NA	NA	64.9999999999998	65.5521855237135	66.9999999999999	67.0111864160996	NA	NA	NA	NA	NA	NA	NA	NA	NA	NA	NA
Z022E0051/LH185	63.2582446027685	NA	NA	65.0516814158544	66.0521855237135	66.9999999999999	65.5111864160996	NA	NA	NA	69.7741967230964	NA	NA	NA	NA	NA	NA	NA
Z022E0053/LH185	59.7582446027685	65.6933629696517	NA	65.9999999999998	64.5521855237135	66.4999999999999	66.0111864160996	NA	65.7632393421	NA	NA	NA	NA	75.1096619014693	NA	NA	NA	NA
Z022E0059/LH185	58.7582446027685	NA	64.1109303743627	63.9999999999998	65.0521855237135	65.9999999999999	65.0111864160996	NA	70.7694469244468	NA	NA	73.3911690600559	NA	NA	NA	NA	80.6852327117118	NA
Z022E0073/LH185	62.7498287989692	NA	NA	64.9999999999998	65.0521855237135	64.9999999999999	65.5111864160996	NA	67.6804022055217	NA	NA	NA	NA	NA	79.023525292567	NA	NA	NA
Z022E0077/LH185	59.2582446027685	NA	NA	64.9999999999998	64.5521855237135	63.9999999999999	64.5111864160996	NA	NA	NA	NA	NA	NA	NA	NA	NA	NA	NA
Z022E0095/LH185	60.7582446027685	NA	NA	62.9483185841452	64.5521855237135	64.9999999999999	65.0111864160996	66.8287248555276	67.6804022055217	NA	70.0764031308263	NA	NA	NA	78.0235253137898	NA	NA	NA
Z022E0097/LH185	59.7582446027685	60.6080271799235	64.3530635523686	67.4999999999998	64.5521855237135	66.4999999999999	65.0111864160996	NA	67.0561095831746	NA	NA	NA	NA	NA	NA	NA	81.9854057670962	NA
Z022E0105/LH185	60.7582446027685	NA	64.1318556465045	NA	65.0521855237135	66.4999999999999	66.0111864160996	NA	NA	NA	NA	77.1295126075413	NA	77.1096619331967	77.9764746461227	NA	NA	NA
Z022E0108/LH185	63.2582446027685	NA	64.6437786443742	64.9999999999998	63.5521855237135	66.4999999999999	64.5111864160996	NA	69.0685472120159	NA	NA	NA	NA	NA	NA	NA	NA	NA
Z022E0110/LH185	58.7582446027685	NA	NA	64.9999999999998	64.5521855237135	64.9999999999999	65.3673947466434	NA	NA	NA	NA	NA	NA	NA	NA	NA	NA	NA
Z022E0114/LH185	59.7582446027685	62.0481839164996	NA	64.9999999999998	67.5521855237135	65.4999999999999	65.3673947466434	66.8881956603428	NA	NA	NA	NA	NA	NA	79.976474627369	NA	NA	NA
Z022E0121/LH185	58.2582446027685	NA	NA	64.9999999999998	63.0521855237135	65.4999999999999	65.5111864160996	65.072147828153	NA	NA	NA	75.7645220374767	NA	NA	79.023525292567	76.6760400329935	NA	NA
Z022E0123/LH185	64.2582446027685	63.1202583598403	64.4903012338734	64.9999999999998	63.5521855237135	64.9999999999999	65.0111864160996	NA	66.4218181493698	NA	NA	NA	NA	NA	78.9764746579131	NA	83.2719847193874	NA
Z022E0130/LH185	58.2582446027685	NA	NA	65.0516814158544	64.0521855237135	65.9999999999999	65.3673947466434	NA	NA	NA	NA	NA	NA	NA	NA	NA	NA	NA
Z022E0142/LH185	58.2582446027685	NA	NA	64.9999999999998	65.0521855237135	64.9999999999999	66.3673947466434	NA	NA	NA	NA	NA	NA	NA	NA	NA	NA	NA
Z022E0149/LH185	61.7582446027685	60.487594940369	NA	63.9999999999998	65.5521855237135	65.4999999999999	67.0111864160996	66.852958429307	NA	NA	71.4215142055148	NA	NA	NA	77.0235253703837	NA	84.9057888338694	NA
Z022E0160/LH185	61.7582446027685	61.3597093878821	NA	64.9483185841452	66.0521855237135	65.9999999999999	66.0111864160996	NA	68.7820893231977	NA	NA	76.7541391704507	NA	74.8903381625361	NA	NA	NA	NA
Z022E0166/LH185	60.7582446027685	NA	NA	65.9999999999998	64.5521855237135	65.9999999999999	65.0111864160996	NA	NA	NA	73.59478806523	NA	NA	NA	NA	NA	NA	NA
