line_code	MOH2_15	INH1_15	NYH2_15	ONH2_14	MOH1_14	ILH1_15	NYH3_15	MNH1_15	NEH4_15	NEH1_15	NCH1_15	OHH1_15	DEH1_15	WIH2_15	WIH1_15
B73_NC230-059-1-1-1-1/LH185	101.569410933306	NA	NA	NA	103.864900626055	116.527228914415	130.568173154295	128.667837467578	116.335383057361	NA	129.582390847912	123.932232674712	135.445605688479	NA	NA
B73_NC230-129-1-1-1-1/LH185	89.3594080365371	97.9315293876126	NA	NA	94.4184999563137	NA	NA	NA	NA	100	118.0299391594	105.920499791035	133.780143301445	NA	NA
CG65/LH185	NA	NA	97.8273339248555	93	NA	NA	94.7902299023991	97.1951947112906	110.172357525331	NA	NA	NA	NA	122	NA
LH195/LH185	92.4530916866969	99.7216194815351	92.2290790931573	102	NA	108.116006018242	105.678247718005	113.451230164354	117.919236833261	110	NA	109.686845944979	100.464070058537	115	124.914696770774
M0003/LH185	70.1609977480484	NA	98.7010372930322	100	82.8444436298055	98.8095840005229	118.548377370484	NA	NA	NA	99.4996172422491	110.940082459278	103.140497376519	115	121.417920138714
M0008/LH185	65.4137723545875	NA	NA	84.5	93.3444436298055	103.752818652624	105.909787209422	99.1951947112906	91.3724704049353	NA	NA	105.940082459278	NA	112	148.896034264002
M0014/LH185	NA	NA	NA	86	82.8444436298055	NA	NA	102.799817357507	NA	NA	NA	NA	NA	100	112.720626624964
M0022/LH185	NA	NA	110.566566973848	95.5	95.8444436298055	NA	94.771880394923	103.508818724781	NA	NA	NA	NA	NA	117	NA
M0028/LH185	84.7976454713676	NA	112.059910042556	91	109.344443629805	NA	NA	NA	NA	NA	NA	NA	NA	132	NA
M0030/LH185	69.4016726494688	NA	110.611478660603	94.5	107.844443629805	102.59758185089	103.280883486569	NA	NA	NA	NA	NA	123.780143301445	NA	133.571029747325
M0041/LH185	NA	NA	122.567865689418	94.5	99.266679397968	NA	NA	98.144205107473	NA	110	NA	112.920499791035	NA	128	NA
M0052/LH185	NA	NA	NA	88	94.3444436298055	NA	104.007167587395	99.8591258814583	107.919236833261	100	99.6395463037256	100.500420834456	84.445605688479	108	NA
M0058/LH185	NA	NA	79.7010372930322	95.5	107.844443629805	102.462258431557	117.568173154295	NA	NA	NA	107.501033086491	NA	119.140497376519	128	NA
M0085/LH185	NA	NA	NA	83	87.8444436298055	NA	NA	NA	117.711996482462	110	NA	118.500420834456	113.780143301445	132	NA
M0088/LH185	93.7783884080065	NA	111.059910042556	110.5	108.844443629805	NA	118.861948484846	114.068118580911	NA	110	NA	113.500420834456	NA	NA	NA
M0101/LH185	NA	NA	95.9858912673488	94	107.844443629805	113.727415350605	102.548377370484	108.195194711291	111.432014908187	110	NA	115.861793248597	NA	122	139.628476312856
M0106/LH185	NA	NA	NA	88	103.844443629805	NA	107.942943888731	97.8303589253008	NA	NA	NA	NA	NA	NA	133.73245262579
M0118/LH185	NA	NA	70.9998640775584	91.5	99.8444436298055	NA	108.678247718005	NA	NA	90	NA	97.3297677283231	108.581405376688	NA	NA
M0143/LH185	75.8949277757484	NA	99.8936874049211	104.5	101.344443629805	NA	NA	NA	107.643195697573	NA	112.781608120056	105.500420834456	NA	123	149.061608417512
M0151/LH185	NA	NA	89.6114786606034	90	85.8444436298055	NA	NA	93.471341208308	111.372470404935	NA	101.0299391594	NA	110.300547481039	120	121.720626624964
M0154/LH185	NA	NA	NA	104.5	94.8444436298055	100.045440445773	89.5483773704843	NA	NA	NA	NA	NA	87.445605688479	127	121.720626624964
M0159/LH185	NA	NA	NA	101.5	92.8444436298055	NA	NA	115.413124475962	NA	120	NA	NA	131.53412618079	127	NA
M0186/LH185	64.4669979688923	NA	NA	98.5	91.3444436298055	NA	104.112476786124	NA	110.641011581873	110	102.22245508312	104.044941632639	84.5291499059357	113	126.702688708782
M0266/LH185	101.036043617405	NA	NA	103.5	104.344443629805	NA	116.112476786124	111.068118580911	NA	NA	NA	NA	130.600612772279	NA	NA
M0269/LH185	NA	NA	NA	89	87.266679397968	98.1914300794339	NA	113.859125881458	110.566539567277	NA	NA	99.3061316357021	NA	123	117.745549462822
M0287/LH185	83.7783884080065	87.5070347760815	NA	93.5	117.344443629805	NA	106.92900336984	NA	NA	NA	109.781608120056	115.370860939358	NA	118	125.620086423538
M0296/LH185	NA	NA	NA	97.5	91.3444436298055	105.045440445773	NA	NA	100.729645037722	NA	NA	NA	116.133910203856	117	NA
M0311/LH185	NA	NA	NA	109	103.344443629805	NA	NA	NA	NA	100	NA	NA	118.027405747025	115	129.896034264002
M0323/LH185	54.0051044726268	107.931529387613	NA	100.5	116.844443629805	114.098969759123	82.5637478275087	104.829086430883	110.641011581873	120	111.872323649585	118.459165668886	113.782478475076	130	NA
M0325/LH185	NA	NA	NA	91	109.344443629805	NA	125.55827526239	NA	NA	NA	104.861793005815	NA	NA	125	NA
M0326/LH185	NA	NA	103.940496630323	NA	NA	NA	97.5637478275087	113.084701457948	NA	NA	NA	NA	NA	120	NA
M0346/LH185	94.0051044726267	NA	NA	95.5	108.344443629805	109.218369210463	NA	NA	100.729645037722	120	NA	NA	84.445605688479	NA	118.620086423538
MO44_LH145_0127/LH185	60.0030420765699	79.5070347760815	94.5665669738485	NA	104.864900626055	NA	82.2341854195163	NA	NA	110	NA	112.728081243224	NA	122	NA
MO44_LH145_0138/LH185	NA	NA	107.566566973849	NA	98.3649006260552	NA	85.7576196404429	92.6049865843756	NA	NA	NA	NA	NA	113	NA
MO44_PHG47_0072/LH185	NA	NA	93.9404966303231	NA	95.8649006260552	NA	105.563747827509	NA	109.952833397414	NA	NA	128.301581039434	NA	115	125.282158406669
MO44_PHW65_0035/LH185	NA	66.5573151583103	NA	NA	110.525698616831	103.257876895089	100.563747827509	102.195194711291	117.425198071522	110	NA	110.868211000532	104.529149905936	110	126.571029747325
MO44_PHW65_0193/LH185	NA	77.9564187085748	72.2290790931573	NA	79.3649006260552	NA	NA	NA	NA	90	NA	NA	NA	107	NA
MOG_LH123HT-199-1-1-1-1-B/LH185	NA	NA	104.940496630323	NA	119.364900626055	NA	106.771880394923	118.829086430883	NA	NA	NA	NA	NA	145	149.745549462822
MOG_LH145_0175/LH185	NA	NA	NA	NA	111.364900626055	NA	NA	NA	NA	110	109.187705535785	NA	NA	NA	141.745549462822
MOG_MO45-078-1-1-1-1-B/LH185	NA	104.721619481535	113.578918140647	NA	88.2041026352797	NA	NA	123.413124475962	NA	NA	135.872323649585	NA	122.003228273038	NA	160.27160745926
MOG_MO45-128-1-1-1-1-B/LH185	120.140394167705	NA	NA	NA	116.864900626055	NA	NA	NA	NA	100	121.380310676196	117.677120537218	112.795062071366	NA	NA
MOG_OH43_0071/LH185	NA	80.6146966271098	NA	NA	98.8649006260552	112.59758185089	NA	NA	91.7120042880659	120	NA	NA	NA	NA	137.745549462822
MOG_OH43_0170/LH185	NA	NA	87.0599100425565	NA	83.8649006260552	NA	NA	102.072101403408	NA	NA	NA	103.2600133672	123.586975693581	NA	NA
MOG_OH43_0367/LH185	NA	NA	NA	NA	95.8649006260552	113.191430079434	NA	108.144205107473	NA	NA	NA	104.306131635702	98.7435891593279	113	119.442889189527
MOG_PHG83-090-1-1-1-1-B/LH185	101.349678922431	92.9672773034838	91.4320750698287	NA	113.364900626055	NA	NA	NA	NA	NA	NA	127.306131635702	127.529149905936	NA	NA
PHN11_LH145_0003/LH185	NA	NA	60.0117708535719	NA	77.5256986168307	72.5975818508902	63.2341854195163	NA	76.335383057361	NA	NA	NA	NA	90	172.282158406669
PHN11_LH145_0085/LH185	NA	87.9672773034838	82.5678656894179	NA	91.8649006260552	93.6344301855945	94.7240916664502	83.1744955352787	101.712004288066	130	NA	NA	99.7801433014453	NA	124.968916485644
PHN11_OH43_0001/LH185	NA	NA	NA	NA	92.8649006260552	110.045440445773	115.234185419516	NA	109.992051987653	110	NA	112.306131635702	113.600612772279	NA	131.456780141905
PHN11_OH43_0036/LH185	NA	79.9564187085748	NA	NA	86.3649006260552	79.2457442410682	68.2808834865691	94.0681185809111	110.566539567277	100	NA	97.9204997910348	88.3891401679034	NA	NA
PHN11_OH43_0075/LH185	NA	98.6379954383598	107.567865689418	NA	87.8649006260552	103.567277529727	NA	105.084701457948	107.425198071522	100	NA	NA	NA	NA	NA
PHN11_OH43_0088/LH185	NA	76.1222602590912	NA	NA	89.8649006260552	67.5975818508902	NA	88.471341208308	NA	100	NA	NA	104.445605688479	NA	NA
PHN11_OH43_0142/LH185	NA	92.8579497446162	91.6114786606034	NA	101.864900626055	99.9267129388488	NA	107.508254035011	116.881113350041	NA	NA	NA	NA	123	NA
PHN11_PHG47_0251/LH185	NA	NA	80.7010372930322	NA	103.864900626055	98.7528186526241	110.112476786124	NA	90.7296450377222	90	NA	NA	NA	NA	NA
W10004_0032/LH185	65.1403941677047	NA	63.2349413327495	86.5	NA	NA	NA	92.0721014034077	99.6305392471382	NA	NA	108.6209811398	NA	NA	NA
W10004_0076/LH185	59.4669979688923	88.350273969039	73.2290790931572	87	NA	NA	NA	NA	116.335383057361	110	98.0341536372009	NA	106.586975693581	113	120.442889189527
Z013E0006/LH185	NA	NA	NA	NA	117.713118037975	119.218369210463	NA	NA	110.172357525331	110	NA	NA	102.581405376688	NA	134.442889189527
Z013E0063/LH185	NA	NA	NA	NA	93.2131180379751	99.0989697591231	NA	NA	NA	NA	NA	102.329767728323	120.631239593316	NA	NA
Z013E0067/LH185	102.715122406735	101.870549172375	NA	NA	93.7131180379751	NA	NA	NA	NA	NA	NA	NA	110.795062071366	NA	156.451553558159
Z022E0003/LH185	110.160997748048	NA	NA	100.5	113.473887672362	NA	NA	NA	101.712004288066	NA	NA	NA	110.586975693581	130	NA
Z022E0005/LH185	90.0030420765699	NA	NA	112.5	104.473887672362	NA	NA	NA	NA	120	106.872323649585	NA	143.140497376519	NA	137.456780141905
Z022E0008/LH185	NA	78.4750737250482	NA	100	98.9738876723616	NA	NA	NA	NA	NA	NA	103.861793248597	111.581405376688	NA	138.896034264002
Z022E0009/LH185	NA	96.1222602590912	NA	87	98.4738876723616	107.302268340389	NA	NA	NA	NA	111.871055573601	NA	NA	NA	NA
Z022E0017/LH185	NA	NA	121.566566973848	102.5	108.473887672362	NA	NA	128.46648734328	112.43556064421	120	124.644442540927	NA	124.389140167903	NA	139.417920138714
Z022E0023/LH185	79.359408036537	75.8705491723749	NA	93.5	89.9738876723616	NA	NA	103.174495535279	107.711996482462	NA	NA	111.6209811398	NA	110	NA
Z022E0025/LH185	NA	NA	NA	83	91.4738876723616	NA	NA	NA	NA	NA	97.6444425409268	NA	NA	112	135.451553558159
Z022E0053/LH185	NA	80.6379954383598	NA	105	123.973887672362	NA	NA	NA	NA	NA	NA	119.329767728323	NA	NA	NA
Z022E0059/LH185	NA	86.7216194815351	90.131156105251	106	102.973887672362	NA	NA	NA	102.43556064421	NA	NA	NA	99.7435891593279	128	129.27160745926
Z022E0073/LH185	NA	82.7321429537815	NA	103.5	96.9738876723616	NA	NA	118.413124475962	101.372470404935	120	108.606758338732	NA	NA	NA	NA
Z022E0095/LH185	69.6158108630188	87.7321429537815	NA	100	109.473887672362	98.8095840005229	NA	118.471341208308	NA	NA	84.6395463037256	NA	NA	NA	NA
Z022E0097/LH185	NA	101.870549172375	102.045822003066	113.5	110.473887672362	NA	NA	NA	NA	NA	139.644442540927	129.505480889425	128.529149905936	NA	152.628476312856
Z022E0105/LH185	NA	NA	NA	120.5	115.973887672362	NA	NA	120.799817357507	NA	NA	NA	NA	113.782478475076	NA	151.571029747325
Z022E0108/LH185	NA	94.5573151583103	NA	91	90.4738876723616	NA	NA	NA	NA	NA	89.8617930058153	NA	119.780143301445	122	127.720626624964
Z022E0114/LH185	NA	NA	NA	109.5	97.4738876723616	101.527228914415	NA	120.550692655474	NA	NA	NA	105.370860939358	NA	117	137.702688708782
Z022E0121/LH185	NA	NA	NA	103.5	111.973887672362	109.230871826433	NA	110.413124475962	127.643195697573	140	NA	NA	NA	NA	157.442889189527
Z022E0123/LH185	NA	110.61469662711	81.0117708535718	84.5	118.973887672362	NA	NA	117.829086430883	NA	NA	NA	102.677120537218	80.9556308147926	NA	120.27160745926
Z022E0149/LH185	69.0051044726268	NA	74.613638666829	90.5	108.973887672362	98.2578768950887	NA	102.508818724781	NA	100	NA	108.041107691105	NA	118	NA
Z022E0160/LH185	NA	83.4750737250482	NA	74	90.4738876723616	NA	NA	NA	109.952833397414	NA	NA	99.3061316357021	NA	90	NA
