line_code	MOH2_15	INH1_15	MOH1_14	NYH2_15	NCH1_15	NYH3_15	MNH1_15	NEH1_15	NEH4_15	ONH2_14	ILH1_15	DEH1_15	OHH1_15	WIH2_15	WIH1_15
B73_NC230-059-1-1-1-1/LH185	203.017547905089	NA	215.586729323936	NA	217.964501937078	237.475446546659	220.174688044308	NA	220.761867796437	NA	240.560256298977	247.031404326675	241.509023009706	NA	NA
B73_NC230-129-1-1-1-1/LH185	197.840279939247	224.647921487863	209.974548602152	NA	217.758363635395	NA	NA	210.108030959174	NA	NA	NA	239.904628982265	235.561926206545	NA	NA
CG65/LH185	NA	NA	NA	223.539658348875	NA	210.035353762144	237.825636711278	NA	248.278357543988	245.847153320837	NA	NA	NA	260.381850753061	NA
LH195/LH185	206.807718439225	220.556191652693	NA	211.312328029037	NA	225.330055227066	223.00002865071	239.891969040826	248.568999073727	243.347153320837	236.525267847865	221.14724731764	238.758888321837	245.262764421999	247.53610680776
M0003/LH185	177.928003335646	NA	213.053751505653	211.758310641812	197.730745301135	230.171914937062	NA	NA	NA	241.170173131561	259.168564554793	219.834453615198	245.530422865098	246.048246001839	233.968038239486
M0008/LH185	198.686286355899	NA	219.553751505653	NA	NA	226.853790695141	216.825636711278	NA	239.942876324812	217.670173131561	245.425367508215	NA	237.530422865098	226.829017344593	261.224564022131
M0014/LH185	NA	NA	211.053751505653	NA	NA	NA	219.174497003738	NA	NA	210.670173131561	NA	NA	NA	231.70512499309	246.037225098022
M0022/LH185	NA	NA	218.053751505653	229.422387496234	NA	243.298212205957	213.825588952285	NA	NA	246.670173131561	NA	NA	NA	229.943979218432	NA
M0028/LH185	202.947986215787	NA	220.553751505653	236.723607771336	NA	NA	NA	NA	NA	218.001128669716	NA	NA	NA	249.856663091817	NA
M0030/LH185	179.455916523294	NA	219.053751505653	215.541948534113	NA	216.932680633812	NA	NA	NA	246.170173131561	239.243028900984	231.904628982265	NA	NA	253.94722431967
M0041/LH185	NA	NA	218.997835659349	245.574097755694	NA	NA	236.825878836599	250.108030959174	NA	236.170173131561	NA	NA	245.561926206545	260.040559817184	NA
M0052/LH185	NA	NA	217.053751505653	NA	202.461733144581	222.679371333213	219.175257808727	229.891969040826	238.568999073727	223.170173131561	NA	228.031404326675	242.309017563254	237.140844684177	NA
M0058/LH185	NA	NA	229.053751505653	208.758310641812	217.632420041936	232.475446546659	NA	NA	NA	240.170173131561	236.421659930498	244.834453615198	NA	264.373785914747	NA
M0085/LH185	NA	NA	206.053751505653	NA	NA	NA	NA	220.108030959174	227.382464973681	234.670173131561	NA	222.904628982265	242.309017563254	251.261095451171	NA
M0088/LH185	228.706080123569	NA	220.053751505653	232.723607771336	NA	238.395205840884	228.174789784496	240.108030959174	NA	253.670173131561	NA	NA	237.309017563254	NA	NA
M0101/LH185	NA	NA	222.553751505653	228.333048429082	NA	215.171914937062	217.825636711278	210.108030959174	232.508940373539	250.170173131561	240.089348939755	NA	246.760564519984	245.381850753061	260.590409637788
M0106/LH185	NA	NA	220.553751505653	NA	NA	237.613689515666	241.174856624346	NA	NA	245.170173131561	NA	NA	NA	NA	249.265655478321
M0118/LH185	NA	NA	207.053751505653	179.195989071605	NA	224.330055227066	NA	239.891969040826	NA	223.670173131561	NA	217.902567656343	235.076085144894	NA	NA
M0143/LH185	187.370409315108	NA	200.553751505653	219.628518776927	212.920993457908	NA	NA	NA	211.512473862717	226.170173131561	NA	NA	239.309017563254	230.140844684177	258.004779122151
M0151/LH185	NA	NA	208.053751505653	221.541948534113	202.758363635395	NA	205.824996752514	NA	219.942876324812	222.170173131561	NA	234.02187562342	NA	231.048246001839	264.037225098022
M0154/LH185	NA	NA	207.053751505653	NA	NA	217.171914937062	NA	NA	NA	224.170173131561	214.835836690401	209.031404326675	NA	221.829017344593	244.037225098022
M0159/LH185	NA	NA	203.053751505653	NA	NA	NA	225.825025411614	229.891969040826	NA	217.670173131561	NA	246.139157348109	NA	239.616873184816	NA
M0186/LH185	187.978600403533	NA	208.053751505653	NA	215.295491385253	229.391348045443	NA	230.108030959174	231.739829637732	227.670173131561	NA	225.553150850647	227.358154811894	249.139216365928	245.627824518339
M0266/LH185	196.06176962431	NA	217.553751505653	NA	NA	248.391348045443	231.174789784496	NA	NA	227.170173131561	NA	236.723533417893	NA	NA	NA
M0269/LH185	NA	NA	200.997835659349	NA	NA	NA	206.175257808727	NA	260.804926701079	220.170173131561	233.196210678232	NA	226.904607164318	245.262764421999	246.31124306164
M0287/LH185	203.706080123569	199.338142010345	216.553751505653	NA	222.920993457908	239.919508038913	NA	NA	NA	234.670173131561	NA	NA	242.224840661078	243.261095451171	265.709562706573
M0296/LH185	NA	NA	192.553751505653	NA	NA	NA	NA	NA	228.262772156104	224.670173131561	239.835836690401	232.175082643279	NA	226.196992078944	NA
M0311/LH185	NA	NA	221.053751505653	NA	NA	NA	NA	230.108030959174	NA	235.001128669716	NA	238.31081490461	NA	237.048355514632	261.224564022131
M0323/LH185	174.283968843852	227.647921487863	222.053751505653	NA	206.863073942369	199.659121009469	232.173933462401	229.891969040826	241.739829637732	244.670173131561	243.582305707299	229.789101083006	231.100364290539	250.045319293166	NA
M0325/LH185	NA	NA	227.553751505653	NA	209.805429178079	244.82368074186	NA	NA	NA	242.670173131561	NA	NA	NA	240.261095451171	NA
M0326/LH185	NA	NA	NA	215.238496589541	NA	209.659121009469	235.824703993286	NA	NA	NA	NA	NA	NA	238.040559817184	NA
M0346/LH185	199.283968843852	NA	221.053751505653	NA	NA	NA	NA	239.891969040826	248.262772156104	244.170173131561	239.594189841733	210.031404326675	NA	NA	255.709562706573
MO44_LH145_0127/LH185	165.249078914165	174.338142010344	192.586729323936	200.422387496234	NA	222.939941027219	NA	220.108030959174	NA	NA	NA	NA	233.096241536322	241.566265302774	NA
MO44_LH145_0138/LH185	NA	NA	220.586729323936	225.422387496234	NA	224.443612352467	213.174369508434	NA	NA	NA	NA	NA	NA	245.262764421999	NA
MO44_PHG47_0072/LH185	NA	NA	216.586729323936	222.238496589541	NA	233.659121009469	NA	NA	251.556453537043	NA	NA	NA	242.075397098853	236.616873184816	240.226378852393
MO44_PHW65_0035/LH185	NA	196.56181003814	222.750187158583	NA	NA	218.659121009469	230.825636711278	230.108030959174	258.797294713795	NA	244.875601905281	239.553150850647	261.729967174224	251.856663091817	268.94722431967
MO44_PHW65_0193/LH185	NA	195.839653466618	196.086729323936	197.312328029037	NA	NA	NA	219.891969040826	NA	NA	NA	NA	NA	233.139216365928	NA
MOG_LH123HT-199-1-1-1-1-B/LH185	NA	NA	234.586729323936	259.238496589541	NA	220.298212205957	252.173933462401	NA	NA	NA	NA	NA	NA	268.196992078944	274.31124306164
MOG_LH145_0175/LH185	NA	NA	207.586729323936	NA	201.350507516716	NA	NA	239.891969040826	NA	NA	NA	NA	NA	NA	246.31124306164
MOG_MO45-078-1-1-1-1-B/LH185	NA	243.556191652693	207.423271489289	247.320019797108	249.863073942369	NA	256.825025411614	NA	NA	NA	NA	248.38848755812	NA	NA	268.024806439343
MOG_MO45-128-1-1-1-1-B/LH185	226.331418713775	NA	234.086729323936	NA	234.296692662707	NA	NA	219.891969040826	NA	NA	NA	237.934132148746	248.919700048411	NA	NA
MOG_OH43_0071/LH185	NA	200.201861214621	210.086729323936	NA	NA	NA	NA	240.108030959174	218.081646927902	NA	244.243028900984	NA	NA	NA	249.31124306164
MOG_OH43_0170/LH185	NA	NA	211.086729323936	221.723607771336	NA	NA	220.825200677074	NA	NA	NA	NA	249.095894304186	222.467193388574	NA	NA
MOG_OH43_0367/LH185	NA	NA	210.586729323936	NA	NA	NA	226.825878836599	NA	NA	NA	228.196210678232	239.621369704506	231.904607164318	260.262764421999	246.687904244845
MOG_PHG83-090-1-1-1-1-B/LH185	229.569893236656	224.059578070404	239.086729323936	227.459107462201	NA	NA	NA	NA	NA	NA	NA	265.553150850647	277.904607164318	NA	NA
PHN11_LH145_0003/LH185	NA	NA	191.750187158583	194.215140427341	NA	193.939941027219	NA	NA	190.761867796437	NA	214.243028900984	NA	NA	222.373785914746	280.226378852393
PHN11_LH145_0085/LH185	NA	211.059578070404	210.586729323936	210.574097755694	NA	203.667230572269	233.825818193703	259.891969040826	228.081646927902	NA	238.807506794745	239.904628982264	NA	NA	275.610359412202
PHN11_OH43_0001/LH185	NA	NA	213.086729323936	NA	NA	235.939941027219	NA	239.891969040826	240.618575160501	NA	244.835836690401	251.723533417893	249.904607164318	NA	267.820677494238
PHN11_OH43_0036/LH185	NA	195.839653466618	197.086729323936	NA	NA	198.932680633812	198.174789784496	220.108030959174	220.804926701079	NA	222.752282231809	216.584426354391	209.561926206545	NA	NA
PHN11_OH43_0075/LH185	NA	222.39003369556	207.086729323936	226.574097755694	NA	NA	227.824703993286	220.108030959174	208.797294713795	NA	219.315426945414	NA	NA	NA	NA
PHN11_OH43_0088/LH185	NA	198.448939635136	200.586729323936	NA	NA	NA	215.824996752514	219.891969040826	NA	NA	214.243028900984	230.031404326675	NA	NA	NA
PHN11_OH43_0142/LH185	NA	187.646504039132	205.086729323936	203.541948534113	NA	NA	214.174353748741	NA	230.182077338908	NA	219.780644958231	NA	NA	239.196992078944	NA
PHN11_PHG47_0251/LH185	NA	NA	218.586729323936	208.758310641812	NA	219.391348045443	NA	210.108030959174	228.262772156104	NA	235.425367508215	NA	NA	NA	NA
PHN11_PHW65_0275/LH185	NA	NA	197.586729323936	183.459107462201	NA	NA	NA	249.891969040826	NA	NA	NA	NA	241.919700048411	221.856663091817	NA
W10004_0032/LH185	161.331418713775	NA	NA	184.87310747945	NA	NA	206.825200677074	NA	209.981620430478	216.347153320837	NA	NA	224.295786833498	NA	NA
W10004_0076/LH185	177.978600403533	209.467661101823	NA	206.312328029037	204.666130145294	NA	NA	220.108030959174	230.761867796437	221.861709873457	NA	223.095894304186	NA	241.139216365928	247.687904244845
Z013E0006/LH185	NA	NA	230.641562975062	NA	NA	NA	NA	240.108030959174	238.278357543988	NA	239.594189841733	242.902567656343	NA	NA	259.687904244845
Z013E0063/LH185	NA	NA	201.641562975062	NA	NA	NA	NA	NA	NA	NA	238.582305707299	243.858295699335	248.076085144894	NA	NA
Z013E0067/LH185	225.335448417379	231.223785586728	212.141562975062	NA	NA	NA	NA	NA	NA	NA	NA	232.934132148746	NA	NA	268.13569346512
Z022E0003/LH185	212.928003335646	NA	226.685662778786	NA	NA	NA	NA	NA	228.081646927902	231.304568500282	NA	230.095894304186	NA	245.262764421999	NA
Z022E0005/LH185	220.249078914165	NA	221.185662778786	NA	224.863073942369	NA	NA	240.108030959174	NA	239.804568500282	NA	265.834453615198	NA	NA	257.820677494238
Z022E0008/LH185	NA	199.063915896633	212.685662778786	NA	NA	NA	NA	NA	NA	220.304568500282	NA	240.902567656343	238.760564519984	NA	261.224564022131
Z022E0009/LH185	NA	247.448939635136	224.185662778786	NA	226.765562678998	NA	NA	NA	NA	240.304568500282	244.062105942305	NA	NA	NA	NA
Z022E0017/LH185	NA	NA	224.185662778786	229.422387496234	243.389588455113	NA	248.174793109127	240.108030959174	250.423103524027	245.804568500282	NA	251.584426354391	NA	NA	257.968038239486
Z022E0023/LH185	187.840279939247	193.223785586728	209.685662778786	NA	NA	NA	226.825818193703	NA	207.382464973681	227.304568500282	NA	NA	221.295786833498	236.139216365928	NA
Z022E0025/LH185	NA	NA	210.185662778786	NA	220.389588455113	NA	NA	NA	NA	222.304568500282	NA	NA	NA	243.856663091817	277.13569346512
Z022E0053/LH185	NA	197.39003369556	229.185662778786	NA	NA	NA	NA	NA	NA	231.804568500282	NA	NA	248.076085144894	NA	NA
Z022E0059/LH185	NA	230.556191652693	223.185662778786	229.896889622411	NA	NA	NA	NA	260.423103524027	241.804568500282	NA	241.621369704506	NA	247.381850753061	256.024806439343
Z022E0073/LH185	NA	230.036060233342	215.185662778786	NA	223.923907919277	NA	235.825025411614	249.891969040826	229.942876324812	233.304568500282	NA	NA	NA	NA	NA
Z022E0095/LH185	190.943562628017	217.036060233342	221.185662778786	NA	216.461733144581	NA	234.824996752514	NA	NA	240.304568500282	254.168564554793	NA	NA	NA	NA
Z022E0097/LH185	NA	208.223785586728	236.685662778786	245.208371172216	258.389588455113	NA	NA	NA	NA	260.804568500282	NA	266.553150850647	284.78780946945	NA	275.590409637788
Z022E0105/LH185	NA	NA	228.685662778786	NA	NA	NA	248.174497003738	NA	NA	265.804568500282	NA	254.789101083006	NA	NA	263.94722431967
Z022E0108/LH185	NA	242.56181003814	221.185662778786	NA	212.805429178079	NA	NA	NA	NA	251.304568500282	NA	254.904628982264	NA	226.829017344593	264.037225098022
Z022E0114/LH185	NA	NA	225.185662778786	NA	NA	NA	247.174388610365	NA	NA	243.304568500282	235.560256298977	NA	245.224840661078	242.829017344593	265.627824518339
Z022E0121/LH185	NA	NA	237.685662778786	NA	NA	NA	232.825025411614	250.108030959174	251.512473862717	250.304568500282	253.609821033897	NA	NA	NA	284.687904244845
Z022E0123/LH185	NA	228.201861214621	230.685662778786	217.215140427341	NA	NA	224.173933462401	NA	NA	232.304568500282	NA	234.828413924732	238.919700048411	NA	243.024806439343
Z022E0149/LH185	194.283968843852	NA	240.685662778786	231.962028719872	NA	NA	234.825588952285	229.891969040826	NA	270.804568500282	234.875601905281	NA	241.612874745172	245.979215496789	NA
Z022E0160/LH185	NA	191.063915896633	208.685662778786	NA	NA	NA	NA	NA	221.556453537043	207.804568500282	NA	NA	231.904607164318	214.262764421999	NA
