line_code	NEH2_15	MNH1_15	MOH1_14	INH1_15	ILH1_15	ONH2_14	OHH1_15	INH1_14	IAH1a_14	IAH2_14	IAH4_14	DEH1_14	DEH1_15	IAH3_14	ONH2_15	ONH1_15
B73_NC230-041-1-1-1-1/LH185	NA	151.277708867038	158.528846949999	NA	NA	NA	NA	176.126430278948	162.751417061153	NA	193.055736627986	NA	NA	165.886956750023	NA	NA
B73_NC230-059-1-1-1-1/LH185	94.8180298575705	145.791284524918	155.347249699999	NA	164.7735990943	NA	198.427684638404	173.404007160111	173.37589762805	NA	234.446208946877	NA	173.976163533316	213.335646800023	NA	215.996345514802
B73_NC230-129-1-1-1-1/LH185	NA	NA	163.694260451398	173.75984089431	NA	NA	161.385036630765	172.375794650693	183.864204511499	NA	226.982479093541	NA	188.638482319295	223.84800919258	NA	NA
CG120/LH185	NA	NA	NA	NA	NA	175.695116364244	NA	145.56283214682	156.104943191683	NA	167.947327972808	157.210796783292	NA	NA	194.7179917506	195.90283271893
CG65/LH185	NA	147.29679334783	NA	NA	NA	153.208561664244	NA	161.20582204682	153.599772041683	NA	169.829130322808	176.916702083292	NA	NA	222.924243632438	215.503130737041
CGR01/LH185	NA	NA	NA	NA	NA	148.802536864244	NA	157.75289904682	170.532636391683	NA	180.341221172808	184.115964767796	NA	NA	NA	NA
CGR03/LH185	NA	NA	NA	NA	NA	143.85719783749	NA	156.520777339267	173.862283350817	NA	191.593924711451	180.188324498787	NA	NA	NA	NA
LH195/LH185	145.02269752049	186.655147089272	NA	163.843498803473	177.077611242208	181.727079564244	181.492622112554	200.67672629682	227.663955641683	NA	179.226706434164	247.601176783292	241.157701836701	NA	NA	268.198475615294
M0001/LH185	NA	NA	174.714500454198	NA	NA	176.617356518579	NA	170.649185058367	169.054549311564	170.64642445	158.128504837211	185.591438018179	NA	NA	NA	NA
M0003/LH185	NA	NA	157.162339949999	NA	178.912688333872	146.731230318579	159.736739278422	178.758362208367	172.895154661564	201.7565948	216.185780087211	151.862147268179	182.409983712922	NA	NA	223.47492770926
M0008/LH185	124.823898905593	147.41989478479	171.897538949999	NA	149.543722639915	182.090682868579	168.852959054052	159.329897308367	199.050106961564	190.22091655	199.320169437211	188.740837266989	NA	NA	242.538404372606	NA
M0012/LH185	NA	NA	136.555578499999	NA	NA	149.060567268579	NA	137.864354158367	150.057284118265	177.14057045	174.003775887211	158.827812918179	NA	NA	NA	NA
M0014/LH185	NA	140.932661580607	157.205749749999	NA	NA	156.653136768579	NA	150.933879608367	184.216346861564	163.88082715	176.576687937211	NA	NA	NA	NA	NA
M0022/LH185	NA	153.960545306534	160.644421599999	NA	NA	152.227123068579	NA	159.920095608367	204.232319561564	210.7644675	197.923979537211	186.435326968179	NA	NA	192.969776776424	225.655135743055
M0027/LH185	NA	NA	160.221604549999	NA	NA	162.487841218579	NA	163.071344158367	169.045398061564	181.1415665	190.854387087211	153.297641968179	NA	NA	NA	NA
M0028/LH185	NA	NA	135.172104599999	NA	NA	143.311939564075	NA	155.612437108367	171.288756461564	176.5173642	149.120144837211	169.509431568179	NA	NA	200.619999002368	NA
M0030/LH185	NA	NA	162.576790599999	NA	147.244487805095	175.031080268579	NA	169.203567408367	193.194816411564	207.1889238	183.906197787211	207.509626568179	185.039884325695	NA	NA	247.040398047143
M0035/LH185	NA	NA	139.531182099999	NA	NA	142.261293618579	NA	144.685247308367	153.911108411564	179.1188672	188.973938437211	154.014553568179	NA	NA	NA	NA
M0039/LH185	NA	NA	147.711271899999	NA	NA	120.655512618579	NA	121.062268612269	172.005208111564	163.61284145	151.185947087211	175.611170769369	NA	NA	NA	NA
M0041/LH185	73.8076609077208	125.801311060336	149.032489654198	NA	NA	163.790380468579	129.302750932645	167.543279658367	195.884258161564	189.4645567	199.138173087211	250.669486666989	NA	NA	233.727644751	NA
M0042/LH185	NA	NA	156.862803149999	NA	NA	143.943463968579	NA	175.809159208367	175.378659518265	188.5344313	198.609674237211	185.523839066989	NA	NA	NA	NA
M0045/LH185	NA	NA	158.190096899999	NA	NA	160.883154168579	NA	170.007380812269	184.073548218265	187.42756195	184.151819787211	258.313997668179	NA	NA	NA	NA
M0051/LH185	NA	NA	149.046236799999	NA	NA	167.870849418579	NA	151.992080908367	182.059790061564	203.80035825	187.989988387211	178.296717718179	NA	NA	220.84932880531	NA
M0052/LH185	89.3915213369105	166.041692053883	152.674161099999	NA	NA	161.573033918579	145.670381037309	168.539462858367	199.632376161564	186.1658793	184.501300437211	172.669955668179	155.323133715406	NA	NA	210.469651099053
M0058/LH185	NA	NA	128.836390949999	NA	183.233958033238	164.437178868579	NA	174.070178408367	178.973222504863	205.2504811	204.913322387211	203.704485018179	205.174603916402	NA	NA	236.327851844068
M0075/LH185	NA	NA	133.354171504999	NA	NA	132.929217218579	NA	139.179044508367	165.773416261564	170.32878365	152.278629287211	176.823971568179	NA	NA	NA	NA
M0076/LH185	NA	NA	128.585633799999	NA	NA	149.632775568579	NA	155.203874758367	191.251493718265	189.80743115	191.631431987211	209.622572668179	NA	NA	NA	NA
M0077/LH185	NA	NA	104.652786249999	NA	NA	173.005469268579	NA	151.365902658367	191.004145461564	171.4794058	170.087361237211	NA	NA	NA	NA	NA
M0083/LH185	NA	NA	158.999315599999	NA	NA	177.438163468579	NA	180.410706958367	187.633828211564	174.96365345	174.902061437211	215.358581768179	NA	NA	NA	NA
M0085/LH185	NA	NA	130.032507649999	NA	NA	146.518559018579	138.198861176329	136.369079958367	159.942269918265	182.24415805	180.537126037211	195.151432266989	178.643319904335	NA	NA	NA
M0088/LH185	NA	129.565735391089	168.309820699999	NA	NA	151.891151918579	170.623178995989	171.964769608367	192.736163918265	162.97777645	172.448548937211	191.237682569369	NA	NA	NA	229.515848466268
M0099/LH185	NA	NA	156.308854049999	NA	NA	160.343033318579	NA	169.558195907067	203.052619161564	200.98442335	159.486573587211	190.090029918179	NA	NA	NA	NA
M0101/LH185	105.632485350974	109.52440198902	182.535834149999	NA	161.320200362857	184.366523218579	178.850814360425	164.924629858367	197.846364211564	184.1053836	183.127582537211	189.709635168179	NA	NA	231.305657123152	208.001767355656
M0106/LH185	NA	151.432801327746	126.478362049999	NA	NA	183.903938268579	NA	156.484689208367	192.755285111564	215.1635705	210.156019987211	208.490760918179	NA	NA	NA	231.766732860137
M0114/LH185	NA	NA	131.900303399999	NA	NA	157.931215918579	NA	147.851171908367	191.916564011564	172.7400596	201.582859187211	181.762438269369	NA	NA	NA	NA
M0118/LH185	NA	NA	152.505846499999	NA	NA	182.207670518579	162.965082746194	179.975685608367	196.160691211564	198.4756784	193.421126137211	192.194140668179	176.461373729008	NA	NA	227.870274276748
M0143/LH185	129.47022666776	NA	138.281863599999	NA	NA	154.399547218579	161.102739440349	125.485707828367	175.156538418265	178.1866841	203.473433837211	207.456017918179	NA	NA	192.698916635881	229.762135648676
M0151/LH185	144.836778457893	148.061380952839	147.903412249999	NA	NA	174.138891918579	NA	148.040224708367	166.094191318265	185.1432665	188.741474787211	161.466995568179	183.692973554345	NA	NA	222.030669979888
M0154/LH185	143.46502252327	NA	153.392905049999	NA	135.270453482775	154.633995868579	NA	156.460176508367	173.929517811564	167.8659033	168.418366287211	159.410941618179	170.257177905436	NA	197.78151826266	223.287191897476
M0159/LH185	151.488524596802	144.875189797698	125.445370649999	NA	NA	173.080164568578	NA	176.756054008367	197.084487604863	210.44872195	206.458152687211	180.844481966989	181.445686672525	NA	203.374974287784	NA
M0163/LH185	NA	NA	120.908773099999	NA	NA	162.403940518579	NA	150.902210012269	192.895153261564	189.7771075	185.468626637211	172.079902018179	NA	NA	NA	NA
M0172/LH185	NA	NA	108.879693899999	NA	NA	113.922517968579	NA	144.976138258367	153.382826161564	126.11801535	134.805732337211	157.421232969369	NA	NA	NA	NA
M0186/LH185	NA	NA	179.325988899999	NA	NA	172.684331968579	140.998210233403	161.605369458367	185.864819211564	168.08672485	196.025715637211	190.393175668179	180.462247557301	NA	179.419328518481	209.45344703281
M0266/LH185	116.810775883349	139.782736231249	154.354689849999	NA	NA	162.640703668579	NA	171.703862008367	144.506211761564	171.6550125	199.935199137211	130.957171669369	184.386638654974	NA	NA	212.481872802843
M0269/LH185	116.446830756402	132.916107962383	93.8184406341983	NA	144.616838367481	146.045821818579	151.522810886398	160.102415308367	172.009648361564	177.70843595	173.307142937211	173.799937769369	NA	NA	NA	NA
M0272/LH185	NA	NA	144.990080499999	NA	NA	136.707117468579	NA	143.971640912269	164.220511318265	178.6704013	160.408739037211	166.484302218179	NA	NA	NA	NA
M0287/LH185	110.239260538533	NA	149.128498899999	114.557685297591	NA	148.842951368579	159.274760009501	143.215169658367	191.006629818265	186.6237672	190.945141587211	207.711465068179	NA	NA	182.315406800145	220.753482446181
M0296/LH185	121.515201332092	NA	157.089508899999	NA	142.123486687875	121.654273318579	NA	161.875324708367	197.921733818265	187.2705285	179.855167637211	191.774225918179	163.126784110359	NA	NA	NA
M0297/LH185	NA	NA	147.189180699999	NA	NA	168.476617968579	NA	147.942331758367	183.389376161564	197.1262736	177.947914987211	204.759525268179	NA	NA	NA	NA
M0311/LH185	159.622942415539	NA	138.296348594999	NA	NA	181.782557664075	NA	166.747353658367	185.663274861564	198.0026286	184.598661237211	170.261863418179	191.232931875361	NA	NA	NA
M0317/LH185	NA	NA	158.702395999999	NA	NA	180.043978318579	NA	181.9080687404	211.460082561564	192.130984817274	168.826978187211	172.677059668179	NA	NA	NA	NA
M0323/LH185	126.180847392113	193.866185591155	155.631308799999	148.96951403807	174.648691016962	187.599673618579	169.531777422343	194.135447208367	184.861429511564	214.93159415	211.096163087211	192.764494018179	184.240775260386	NA	NA	NA
M0325/LH185	NA	NA	161.273006699999	NA	NA	188.385657818579	NA	185.801710658367	220.263913618265	211.27249785	218.226077987211	158.454940118179	NA	NA	NA	260.294383926329
M0346/LH185	NA	NA	134.586703749999	NA	198.030168298695	176.735080518579	NA	182.076412708367	198.215717711564	202.6399351	172.958474487211	196.765026718179	189.753040714106	NA	NA	NA
M0352/LH185	NA	NA	116.303315549999	NA	NA	179.057684418579	NA	170.331887708367	207.783008661564	197.92996	200.464564337211	161.917415968179	NA	NA	NA	NA
M0355/LH185	NA	NA	156.197125649999	NA	NA	181.734459818579	NA	165.803720258367	190.043046461564	190.1702326	181.225149237211	159.005614169369	NA	NA	NA	NA
M0369/LH185	NA	NA	133.707857799999	NA	NA	164.595511868579	NA	159.778069308367	182.377045318265	205.4035075	168.068506537211	195.692853118179	NA	NA	NA	NA
M0378/LH185	NA	NA	133.806139099999	NA	NA	153.200213818579	NA	155.544721407067	175.126112811564	183.3396018	177.801169887211	134.825593069369	NA	NA	NA	NA
MO44_LH145_0127/LH185	NA	NA	145.020494399999	146.852367566061	NA	NA	156.801881173035	182.010547635459	169.24200886046	NA	202.185662227986	NA	NA	193.677006500023	NA	213.133699050282
MO44_LH145_0138/LH185	NA	135.59880261831	157.138378749999	NA	NA	NA	NA	166.747285860111	147.651187461152	NA	166.586067577986	NA	NA	184.928726300023	199.722468837015	160.916998808426
MO44_PHG47_0072/LH185	NA	NA	129.338176049999	NA	NA	NA	187.934355949381	184.872685493445	191.779648561153	NA	186.272215827986	NA	NA	221.746467450023	NA	203.029625095796
MO44_PHW65_0025/LH185	164.411958016655	NA	140.497705049999	NA	NA	NA	NA	158.376926978948	156.693120211152	NA	186.227867477986	NA	203.05831958453	209.481883150023	NA	NA
MO44_PHW65_0035/LH185	93.6551283835756	158.97452537914	143.347878254198	95.0043392134652	155.723665340603	NA	144.386421628408	179.097673578948	159.926504861383	NA	194.201647727986	NA	171.830800876461	205.586623478394	199.898812214991	223.744532577971
MO44_PHW65_0193/LH185	NA	NA	112.552517109999	151.615653329039	NA	NA	NA	167.435786828948	160.245921111153	NA	180.149643527986	NA	NA	172.655748850023	NA	NA
MOG_LH123HT-199-1-1-1-1-B/LH185	NA	107.689489100365	155.071087399999	NA	NA	NA	NA	161.712329893445	182.362038294717	NA	172.656764727986	NA	NA	203.996253511728	191.62872697149	207.59442629118
MOG_LH123HT-200-1-1-1-1-B/LH185	NA	NA	137.810537549999	NA	NA	NA	NA	144.979162928948	159.998782911153	NA	163.145789277986	NA	NA	205.574890550023	NA	NA
MOG_LH145_0162/LH185	NA	NA	154.372017749999	NA	NA	NA	NA	180.680524260111	158.24089416046	NA	187.109583277986	NA	NA	187.779371050023	NA	NA
MOG_LH145_0173/LH185	NA	NA	130.587584849999	125.891633423146	NA	NA	NA	165.106712928948	114.733507761153	NA	204.882793177986	NA	NA	180.943487750023	NA	NA
MOG_LH145_0175/LH185	NA	NA	161.705209799999	NA	NA	NA	NA	140.209719593445	157.72955252805	NA	186.402445327986	NA	NA	212.909075845061	NA	NA
MOG_MO45-030-1-1-1-1-B/LH185	NA	NA	157.220415199999	NA	NA	NA	NA	181.081781328948	177.47630226046	NA	192.686112327986	NA	214.075518052712	244.040779100023	NA	NA
MOG_MO45-074-1-1-1-1-B/LH185	NA	NA	133.652444849999	NA	NA	NA	NA	168.695297328948	143.665569861153	NA	180.929587409095	NA	NA	197.019761600023	NA	NA
MOG_MO45-078-1-1-1-1-B/LH185	NA	76.1539590631084	137.622893845799	112.747897621653	NA	NA	NA	110.280941135459	157.63528646046	NA	NA	NA	159.698663987927	180.50465886491	NA	NA
MOG_MO45-128-1-1-1-1-B/LH185	NA	NA	163.214535999999	NA	NA	NA	201.72602168093	172.405024978948	175.765321711152	NA	182.465832977986	NA	204.833164189902	206.842421350023	NA	NA
MOG_OH43_0071/LH185	117.737819297092	NA	137.041434599999	82.3051572279735	144.616474764515	NA	NA	139.376568593445	130.829113011153	NA	161.176752077986	NA	NA	207.237063211728	NA	NA
MOG_OH43_0170/LH185	NA	150.136636589418	109.562924849999	NA	NA	NA	144.612366715353	146.461917728948	162.238296711152	NA	163.865623246877	NA	144.416276221404	174.580058600023	NA	190.133688397688
MOG_OH43_0367/LH185	118.923769361189	101.382705831726	135.839541999999	NA	143.163961662501	NA	148.915838782898	164.573195993445	147.249030861383	NA	158.286036777986	NA	174.007955074981	169.128019200023	NA	NA
MOG_PHG83-090-1-1-1-1-B/LH185	NA	NA	150.877075549999	175.396297122222	NA	NA	171.269847224708	178.119618922438	210.531068711153	NA	182.532707577986	NA	170.441142623331	238.116448000023	NA	NA
MOG_PHG83-224-1-1-1-1-B/LH185	NA	NA	116.460303849999	NA	NA	NA	126.753875194285	154.309398228948	161.383655611152	NA	178.169613977986	NA	130.801816224416	213.400409550023	NA	NA
PHN11_LH145_0003/LH185	76.5818565426432	NA	152.526935454198	NA	129.948837530025	NA	NA	143.500346793445	135.960310261383	NA	161.134677977986	NA	NA	155.165344078394	168.92857791199	180.70517677172
PHN11_LH145_0028/LH185	84.9054144680542	NA	102.063268319999	NA	NA	NA	NA	145.659416378948	117.769939361153	NA	175.337704977986	NA	NA	152.064438050023	193.479851015401	NA
PHN11_LH145_0085/LH185	117.160968792587	136.392772761019	170.052440849999	156.067250688302	136.675034678511	NA	NA	158.436501460111	169.203434811153	NA	158.324212127986	NA	187.468677948435	174.340014000023	NA	200.119937858933
PHN11_OH43_0001/LH185	97.3508325040847	NA	107.177866299999	NA	165.272725657005	NA	134.892521799258	170.736899478948	124.109163711153	NA	155.541904027986	NA	173.022141619284	181.188676550023	NA	212.412700711183
PHN11_OH43_0036/LH185	120.653146754051	138.168191008049	146.510868349999	156.951003742969	142.41007786253	NA	141.021033259795	153.544875778948	158.911353211153	NA	174.503749027986	NA	186.86637759991	173.00409086491	NA	NA
PHN11_OH43_0075/LH185	100.934645679804	154.050824204402	122.725623199999	143.723125924982	128.83499815907	NA	NA	166.720184528948	160.064845261152	NA	179.201161377986	NA	NA	187.612536550023	NA	NA
PHN11_OH43_0088/LH185	NA	139.116818827169	135.255269199999	123.064866429815	155.410475483625	NA	NA	165.418750028948	167.723638011153	NA	164.095029477986	NA	176.017373531076	196.364228100023	NA	NA
PHN11_OH43_0142/LH185	NA	127.693157205245	128.383069649999	153.516620933152	128.223596135493	NA	NA	149.343555293445	166.606534461153	NA	173.689124377986	NA	NA	185.715572250023	NA	NA
PHN11_PHG47_0251/LH185	NA	NA	148.914157199999	NA	115.470029141815	NA	NA	158.847454978948	138.134039011152	NA	187.708476427986	NA	NA	195.307176300023	NA	NA
PHN11_PHW65_0275/LH185	NA	NA	165.990237849999	NA	NA	NA	165.31760242625	159.560584878948	176.643355411152	NA	186.765409227986	NA	NA	229.139007300023	NA	NA
PHW65_MOG_0012/LH185	NA	NA	181.724539749999	143.023374798406	NA	NA	NA	177.547377328948	187.005668811152	NA	177.131406227986	NA	NA	239.077276200023	NA	NA
PHW65_MOG_0137/LH185	121.809824062735	NA	136.917838449999	154.562084452484	NA	NA	169.126570486114	172.685564326778	184.01659342805	NA	215.651985727986	NA	NA	227.048296200023	NA	NA
PHW65_MOG_0271/LH185	NA	NA	161.364970599999	NA	175.238889301892	NA	NA	187.842392278948	163.276991811152	NA	206.688786327986	NA	192.542398646124	205.150900200023	NA	NA
TX204/LH185	NA	NA	NA	NA	NA	178.800980739828	NA	184.24304429682	191.672860366683	NA	209.519450152356	200.265629244793	NA	NA	NA	NA
TX772/LH185	NA	NA	NA	NA	NA	156.073127464244	NA	153.64891689682	184.635378591683	NA	179.742652922808	210.867710633292	NA	NA	NA	NA
W10004_0032/LH185	NA	135.068970493888	NA	NA	NA	147.529928364244	153.001774290388	170.13954089682	138.137661541683	NA	147.678639722808	149.755070667796	NA	NA	NA	NA
W10004_0076/LH185	112.151704277639	NA	NA	130.993854725236	NA	144.463246790998	NA	155.41945914682	150.014264876683	NA	205.623771372808	190.006592033292	181.522446955024	NA	174.174192106289	201.065982501727
W10005_0029/LH185	NA	NA	NA	NA	NA	168.01040503749	NA	139.995646139267	149.300083650817	NA	177.618812711451	227.201463598787	NA	NA	NA	NA
W10005_0037/LH185	NA	NA	NA	NA	NA	139.152210406495	NA	153.283897382671	170.549135205305	NA	177.880016026593	149.769816683292	NA	NA	NA	NA
W10005_0107/LH185	NA	NA	NA	NA	NA	139.409996973162	NA	152.968669049338	164.262850971972	NA	181.96357199326	169.674455978126	NA	NA	NA	NA
W10005_0220/LH185	NA	NA	NA	NA	NA	139.80850063749	NA	170.751815139267	169.583717150817	NA	204.712825211451	167.206786098787	NA	NA	NA	NA
Z013E0002/LH185	NA	NA	171.564384349999	NA	NA	NA	NA	204.196779169762	207.078853393881	NA	213.390595936017	247.709845591502	219.542106029366	NA	NA	NA
Z013E0006/LH185	NA	NA	211.134200099999	NA	148.919569120465	NA	NA	186.009624369762	186.50357084388	NA	195.692003986017	224.851714191502	203.498021463238	NA	NA	NA
Z013E0007/LH185	NA	NA	168.218037349999	NA	NA	NA	NA	190.755408609767	169.56707854388	NA	204.411530786017	195.830210424765	207.164268662401	NA	NA	NA
Z013E0014/LH185	NA	NA	150.177599749999	NA	NA	NA	NA	181.207819469762	178.054082604931	NA	207.56047007994	179.243086641502	NA	NA	NA	NA
Z013E0026/LH185	NA	NA	170.883996199999	NA	NA	NA	220.450403980221	191.304418369762	193.448132143881	NA	227.590753086017	218.852855391502	252.50667362312	NA	NA	NA
Z013E0028/LH185	151.228184441303	NA	154.063455999999	NA	NA	NA	218.307724359455	194.183257809767	188.618542490197	NA	192.866985050658	170.573644091502	204.89678696167	NA	NA	NA
Z013E0032/LH185	NA	NA	171.559149899999	NA	NA	NA	NA	202.014515649746	131.849422504931	NA	197.498661792094	163.841396991502	NA	NA	NA	NA
Z013E0034/LH185	99.1632718643887	NA	148.727070799999	NA	NA	NA	NA	201.518829843101	161.66863982353	NA	198.840958186017	NA	228.428304025238	NA	NA	NA
Z013E0046/LH185	NA	NA	121.420124599999	NA	NA	NA	NA	220.321185619762	213.23938454388	NA	191.984119036017	235.149177091502	NA	NA	NA	NA
Z013E0052/LH185	NA	NA	189.194459149999	NA	NA	NA	NA	168.987979669762	166.44996424388	NA	193.926189786017	193.563886841502	NA	NA	NA	NA
Z013E0055/LH185	128.396812167021	NA	148.521618699999	148.575353224893	NA	NA	199.66535466718	190.838887619762	190.417711143881	NA	206.081608736017	211.762480841502	194.445868842976	NA	NA	NA
Z013E0059/LH185	NA	NA	151.449480549999	168.198331555258	NA	NA	179.256127772909	179.985551469762	167.377273943881	NA	232.804805586017	190.488133691502	NA	NA	NA	NA
Z013E0063/LH185	NA	NA	161.313257799999	NA	179.898404816992	NA	194.445130067604	170.868513469762	185.82280369388	NA	191.601228136017	187.527179541502	211.95457290006	NA	NA	NA
Z013E0067/LH185	NA	NA	150.938219349999	180.096981470768	NA	NA	NA	175.562430869762	197.91508434388	NA	193.141293236017	223.622356141502	NA	NA	NA	NA
Z013E0072/LH185	NA	NA	138.505530245799	NA	NA	NA	NA	175.229247619762	171.43561429388	NA	209.848787386017	187.264568691502	NA	NA	NA	NA
Z013E0078/LH185	131.105980475623	NA	155.514391049999	NA	NA	NA	NA	210.044898076434	207.570097443881	NA	225.629977750658	216.344888591502	251.968184243265	NA	NA	NA
Z013E0080/LH185	NA	NA	154.808958799999	NA	NA	NA	NA	196.905393976434	196.075321656864	NA	223.495874917325	207.613718391502	NA	NA	NA	NA
Z013E0082/LH185	NA	NA	162.003753849999	187.509892780483	NA	NA	178.528557847511	213.512811819762	166.923772093881	NA	181.122493336017	199.502629891502	222.614668830142	NA	NA	NA
Z013E0087/LH185	NA	NA	119.039037049999	NA	166.620034119378	NA	NA	197.913061119762	166.93184039388	NA	199.681303786017	253.918781191502	NA	NA	NA	NA
Z013E0090/LH185	NA	NA	133.269969099999	NA	147.746440174398	NA	NA	180.475437069762	166.68843849388	NA	176.351545986017	195.142357941502	NA	NA	NA	NA
Z013E0093/LH185	NA	NA	97.6724682399986	179.387657680532	NA	NA	162.836726207171	174.582397509767	136.651620590197	NA	205.674296436017	237.017720141502	NA	NA	NA	NA
Z022E0003/LH185	NA	NA	170.678634349999	NA	NA	172.959730129994	NA	206.952231727426	190.336423235482	NA	232.525532938765	239.234516400015	156.698923238524	NA	NA	NA
Z022E0005/LH185	NA	NA	157.277317349999	NA	NA	180.720258929994	NA	169.891619377426	159.240010357019	NA	201.065665338765	183.400481300015	222.729679381522	NA	NA	NA
Z022E0006/LH185	NA	NA	145.371292749999	NA	NA	124.267583002524	NA	171.476054527426	148.841684035482	NA	188.136504538765	184.216491300015	NA	NA	NA	NA
Z022E0008/LH185	NA	NA	123.924131499999	138.596361637976	NA	160.653043829994	151.200217586535	161.732470027426	183.793437907019	NA	204.665630388765	170.911977203989	187.322801087377	NA	NA	NA
Z022E0009/LH185	NA	NA	160.601372799999	139.945484221085	156.835415041121	166.034368679994	NA	174.425993927426	171.157442407019	NA	193.579609338765	218.684016096041	NA	NA	NA	NA
Z022E0017/LH185	NA	141.05341223368	184.752126849999	NA	NA	163.129930379994	NA	181.355510977426	163.720391707019	NA	202.675637338765	NA	211.25389962602	NA	NA	NA
Z022E0023/LH185	NA	150.202896169099	108.217897119999	179.394634991228	NA	184.673114579994	189.329185937328	206.065777027426	185.630025507019	NA	205.708495038765	211.128704350015	NA	NA	NA	NA
Z022E0025/LH185	NA	NA	172.219908799999	NA	NA	167.177680579994	NA	164.520604627426	155.487018857019	NA	192.569667588765	181.796041600015	NA	NA	NA	NA
Z022E0027/LH185	NA	NA	155.365164099999	NA	NA	147.422187402524	NA	176.941017177426	179.271740557019	NA	188.373462638765	168.970732500015	NA	NA	NA	NA
Z022E0042/LH185	NA	NA	147.232771049999	NA	NA	156.612973529994	NA	186.027651027426	180.012613607019	NA	178.291589338765	213.389760850015	NA	NA	NA	NA
Z022E0046/LH185	NA	NA	127.349626999999	NA	NA	162.882068079994	NA	187.465904277426	172.657870057019	NA	213.834651888765	159.365406600015	NA	NA	NA	NA
Z022E0048/LH185	132.38074127076	NA	138.704770949999	NA	NA	160.164525879994	NA	188.952867327426	212.464878557019	NA	204.426181438765	209.849797100015	NA	NA	NA	NA
Z022E0051/LH185	NA	NA	159.578173449999	NA	NA	183.469625579994	NA	173.034819777426	186.424885557019	NA	172.655983238765	212.212768096041	NA	NA	NA	NA
Z022E0053/LH185	122.488547763155	NA	153.854619549999	134.364011909652	NA	160.312864529994	146.123682923744	176.101641577426	163.120957107019	NA	177.323613388765	170.488968450015	NA	NA	NA	NA
Z022E0059/LH185	NA	NA	145.123558949999	163.461605795583	NA	150.316315279994	NA	169.689994627426	168.153500557019	NA	179.717778088765	220.861544900015	216.87432143424	NA	NA	NA
Z022E0073/LH185	106.914736571816	110.607883813279	114.899219764999	114.450355930941	NA	160.675189429994	NA	147.905972716921	164.456499557019	NA	195.509875488765	189.812329900015	NA	NA	NA	NA
Z022E0077/LH185	NA	NA	149.585836299999	NA	NA	149.424705579994	NA	146.284897877426	166.310577457019	NA	174.979699438765	162.032766600015	NA	NA	NA	NA
Z022E0095/LH185	NA	132.626502685049	162.989815699999	199.854046649881	156.331554665752	172.714761029994	NA	169.956119357258	177.538253557019	NA	195.715914238765	241.049201703989	NA	NA	NA	NA
Z022E0097/LH185	120.370877130099	NA	146.609510649999	201.846577305718	NA	206.864464929994	197.691495472829	215.540721427426	199.392330007019	NA	239.358167238765	174.810377100015	242.332644821121	NA	NA	NA
Z022E0105/LH185	NA	101.937457035597	151.825683999999	NA	NA	177.232408029994	NA	175.609862277426	160.253417707019	NA	212.381605038765	NA	208.354406452196	NA	NA	NA
Z022E0108/LH185	NA	NA	164.888837599999	190.360919191955	NA	168.599837579994	NA	175.459840377426	170.091401807019	NA	207.628526988765	201.887296600015	187.713757045035	NA	NA	NA
Z022E0110/LH185	NA	NA	155.938832649999	NA	NA	124.372576829994	NA	167.012454337931	180.750775735482	NA	189.622745038765	226.154595950015	NA	NA	NA	NA
Z022E0114/LH185	115.876251124977	130.394384906958	89.7358706449986	NA	148.90452435288	136.459069779994	146.685850463861	177.911214777426	181.967947435482	NA	192.677316688765	167.656663250015	NA	NA	NA	NA
Z022E0121/LH185	NA	108.411724051079	152.477869249999	NA	169.966452791069	166.452820329994	NA	185.808772677426	147.641139657019	NA	169.842430838765	182.696942000015	NA	NA	240.947047803441	NA
Z022E0123/LH185	NA	126.754730003685	165.491791999999	164.454446209624	NA	171.053894629994	176.31990842239	166.504870177426	167.347269107019	NA	182.589595238765	214.799585450015	190.93515330637	NA	NA	NA
Z022E0130/LH185	NA	NA	150.285898649999	NA	NA	166.784372929994	NA	183.583851427426	196.518343335482	NA	208.397882638765	159.802823096041	NA	NA	NA	NA
Z022E0142/LH185	NA	NA	138.495618599999	NA	NA	178.874600579994	NA	178.497099677426	176.432030535482	NA	197.717711838765	216.999332200015	NA	NA	NA	NA
Z022E0149/LH185	NA	144.958072783604	142.042138149999	NA	186.049967945773	161.307469579994	142.483445439641	162.099739577426	174.235081707019	NA	208.109211838765	192.781940250015	NA	NA	NA	NA
Z022E0160/LH185	NA	NA	158.269200199999	151.427230270556	NA	190.268004929994	172.800809185058	183.870428977426	168.922639607019	NA	208.361927388765	190.945504403989	NA	NA	NA	NA
Z022E0166/LH185	NA	NA	145.326619449999	NA	NA	156.347910329994	NA	168.482507827426	163.741564107019	NA	201.312099538765	225.800587650015	NA	NA	NA	NA
