line_code	NEH1_14	DEH1_15	OHH1_15	ONH2_14	DEH1_14	MOH1_14	IAH1a_14	ILH1_15	INH1_15	SDH1_15	MOH2_15	MOH1_15	TXH2_15	MNH1_15	NYH3_15	ONH2_15	NYH2_15	ONH1_15
B73_NC230-041-1-1-1-1/LH185	58.8234167717464	NA	NA	NA	NA	64.566225185151	64.8477437526234	NA	NA	NA	NA	NA	NA	74.9324904413629	NA	NA	84.3604159680786	NA
B73_NC230-059-1-1-1-1/LH185	64.3234167717464	62.8162790763634	62.7586179789177	NA	NA	66.066225185151	66.9410335562613	70.5283202026578	NA	69.9398903921458	71.8545354530358	NA	NA	73.9324904413629	81.4873097878522	NA	NA	87.9745216871406
B73_NC230-129-1-1-1-1/LH185	64.884536460375	61.0309233661152	63.4119427107824	NA	NA	64.3294662000684	66.2376784580802	NA	70.6777577288478	NA	69.6964506199893	72.6319536773971	74	NA	NA	NA	NA	NA
CG120/LH185	53.0871470602608	NA	NA	60.5	61.3724626405562	NA	60.1259249515246	NA	NA	64.9895838821438	NA	NA	NA	NA	NA	72.4631840234871	NA	78.6680940367008
CG65/LH185	54.0871470602608	NA	NA	62.5	62.3724626405562	NA	62.6259249515246	NA	NA	66.9977559566737	NA	70.7164938947516	NA	70.0675095586372	73.8633071381848	74.9793693764482	76.9872561230952	82.9388734798561
CGR01/LH185	52.3896684824058	NA	NA	61.5	62.2557005980191	NA	62.6259249515246	NA	NA	NA	NA	NA	NA	NA	NA	NA	NA	NA
CGR03/LH185	56.0871470602608	NA	NA	62	62.4892246830932	NA	61.7910382723905	NA	NA	NA	NA	NA	NA	NA	NA	NA	NA	NA
LH195/LH185	62.5871470602608	62.8857143560251	65.5183524354369	67	66.3724626405562	NA	66.6259249515246	69.4680808109603	69.4619928723421	73.2810010838638	69.5045903154654	76.0173223028199	76	76.0000000000001	78.6597478058835	NA	82.9552579765277	87.7203676915148
M0001/LH185	59.6929155703591	NA	NA	64	62.4277605166196	64.1149133309857	64.4158907351586	NA	NA	NA	NA	NA	NA	NA	NA	NA	NA	NA
M0003/LH185	60.1929155703591	59.8512050726226	63.7823267521288	64	64.4277605166196	63.8758211759521	65.9158907351586	65.5818778104071	NA	NA	70.3063196816648	73.0745243532169	72.9999999776579	NA	76.1335633846561	NA	79.9848508499253	85.5636368353316
M0008/LH185	60.6929155703591	NA	64.7823267521288	64	63.8966577833059	65.3758211759521	64.9158907351586	66.5745654727137	NA	NA	69.6214112548728	73.8487309281817	75.0000000223421	73.0675095586372	75.4257905063606	78.2092163047159	NA	NA
M0012/LH185	55.6929155703591	NA	NA	64	62.4277605166196	62.8758211759521	64.0969617793706	NA	NA	NA	NA	NA	NA	NA	NA	NA	NA	NA
M0014/LH185	55.6929155703591	NA	NA	61.5	NA	62.8758211759521	63.9158907351586	NA	NA	NA	NA	NA	69.9999999776579	75.9324904413629	NA	NA	NA	NA
M0022/LH185	61.6929155703591	NA	NA	65.5	64.4277605166196	65.8758211759521	65.9158907351586	NA	NA	69.8118192907558	NA	NA	NA	67.0675095586372	74.6469975521123	81.2740869887657	82.6111275458072	86.2349880998774
M0024/LH185	NA	NA	NA	NA	NA	NA	NA	NA	66.5968015046965	NA	NA	NA	75.0000000223421	NA	76.4665433362432	NA	NA	86.5562495777287
M0027/LH185	55.6929155703591	NA	NA	61.5	61.4277605166196	62.3758211759521	62.4158907351586	NA	NA	NA	NA	NA	NA	NA	NA	NA	NA	NA
M0028/LH185	59.1929155703591	NA	NA	65	63.4277605166196	65.3758211759521	65.9158907351586	NA	NA	NA	69.7520205346564	70.5549409183274	73.0000000223421	NA	NA	79.2119923101482	80.7567016577238	NA
M0030/LH185	56.6929155703591	63.0309233661152	NA	63.5	63.4277605166196	63.8758211759521	64.9158907351586	66.4949929414116	NA	NA	68.8011717925732	74.3440651442571	74.9999999776579	NA	73.4680892455751	NA	79.889507432861	83.5772824063421
M0035/LH185	59.6929155703591	NA	NA	63	62.4277605166196	63.3758211759521	64.9158907351586	NA	NA	NA	NA	NA	NA	NA	NA	NA	NA	NA
M0039/LH185	59.6929155703591	NA	NA	64	62.9588632499333	62.8758211759521	63.4158907351586	NA	NA	NA	NA	NA	NA	NA	NA	NA	NA	NA
M0041/LH185	60.1929155703591	NA	61.4119427107824	63.5	61.8966577833059	63.1149133309857	63.9158907351586	NA	NA	70.4203326484782	NA	68.8487309281817	NA	75.0675095586372	NA	76.221176084992	76.8199144524993	NA
M0042/LH185	62.1929155703591	NA	NA	64	63.8966577833059	65.3758211759521	67.0969617793706	NA	NA	NA	NA	NA	NA	NA	NA	NA	NA	NA
M0045/LH185	55.6929155703591	NA	NA	62.5	62.4277605166196	62.3758211759521	64.0969617793706	NA	NA	NA	NA	NA	NA	NA	NA	NA	NA	NA
M0051/LH185	60.6929155703591	NA	NA	63	62.4277605166196	64.8758211759521	64.9158907351586	NA	NA	69.8710331746147	NA	70.7882568531717	NA	NA	NA	77.2211760849919	NA	NA
M0052/LH185	55.1929155703591	57.8162790763634	60.7651486273218	63	63.4277605166196	63.3758211759521	63.9158907351586	NA	NA	NA	NA	72.3440651442571	72.9999999776579	74.9324904413629	75.2976528877114	NA	NA	85.8482443624864
M0058/LH185	60.1929155703591	61.8512050726226	NA	63	63.4277605166196	65.3758211759521	63.7348196909466	65.4182208533371	NA	NA	NA	NA	NA	NA	74.4873097878522	NA	81.9848508499253	85.3901803388099
M0075/LH185	60.1929155703591	NA	NA	64	62.4277605166196	64.3758211759521	64.4158907351586	NA	NA	NA	NA	NA	NA	NA	NA	NA	NA	NA
M0076/LH185	60.1929155703591	NA	NA	64	63.4277605166196	64.3758211759521	65.0969617793706	NA	NA	NA	NA	NA	NA	NA	NA	NA	NA	NA
M0077/LH185	62.1929155703591	NA	NA	66.5	NA	66.3758211759521	66.4158907351586	NA	NA	NA	NA	NA	NA	NA	NA	NA	NA	NA
M0083/LH185	55.6929155703591	NA	NA	64	62.4277605166196	61.8758211759521	64.4158907351586	NA	NA	NA	NA	NA	NA	NA	NA	NA	NA	NA
M0085/LH185	59.6929155703591	61.0309233661152	62.7651486273218	62.5	61.8966577833059	63.8758211759521	63.9158907351586	NA	NA	NA	NA	71.6319536773971	NA	NA	NA	NA	NA	NA
M0088/LH185	61.1929155703591	NA	62.7651486273218	65	62.9588632499333	64.3758211759521	66.0969617793706	NA	NA	NA	70.0996291580516	NA	NA	75.9324904413629	74.4144707414066	NA	81.7567016577238	87.3901803388099
M0099/LH185	63.1929155703591	NA	NA	65	65.4277605166196	66.3758211759521	65.9158907351586	NA	NA	NA	NA	NA	NA	NA	NA	NA	NA	NA
M0101/LH185	60.6929155703591	NA	61.7303442279429	63.5	63.4277605166196	63.3758211759521	64.4158907351586	65.6030887132246	NA	NA	NA	70.1370819875462	71.9999999776579	73.0675095586372	75.1335633846561	76.1892095099971	78.8549819985673	84.515129479407
M0106/LH185	61.1929155703591	NA	NA	64	62.4277605166196	63.8758211759521	64.9158907351586	NA	NA	69.8714552290381	NA	69.1370819875462	NA	75.9324904413629	73.5433315993758	NA	NA	81.5562495777287
M0114/LH185	56.6929155703591	NA	NA	62.5	60.9588632499333	62.8758211759521	63.4158907351586	NA	NA	NA	NA	NA	NA	NA	NA	NA	NA	NA
M0118/LH185	60.1929155703591	60.8982257731879	63.9681364380609	64	64.4277605166196	64.3758211759521	64.4158907351586	NA	NA	NA	NA	NA	70.0000000223421	NA	73.6597478058835	NA	81.8796735275481	83.8481660806821
M0143/LH185	60.1929155703591	NA	61.7651486273218	63.5	62.4277605166196	63.8758211759521	64.0969617793706	NA	NA	NA	69.67154862657	73.1370819875462	72.9999999776579	NA	NA	76.6874916518838	82.7067385480669	87.4879437109152
M0151/LH185	60.1929155703591	63.0981705942185	NA	63.5	62.4277605166196	63.8758211759521	64.0969617793706	NA	NA	NA	NA	69.7164938947516	NA	74.0675095586372	NA	NA	79.889507432861	85.3901803388099
M0154/LH185	59.6929155703591	60.8162790763634	NA	63	62.4277605166196	62.3758211759521	62.9158907351586	64.5029690269561	NA	NA	NA	NA	NA	NA	75.1335633846561	76.221176084992	NA	83.4879437109152
M0159/LH185	61.6929155703591	62.1361787413428	NA	64	61.8966577833059	64.8758211759521	64.7348196909466	NA	NA	NA	NA	NA	NA	76.0675095586372	NA	79.1480364621019	NA	NA
M0163/LH185	63.6929155703591	NA	NA	64.5	65.4277605166196	66.8758211759521	65.4158907351586	NA	NA	NA	NA	NA	NA	NA	NA	NA	NA	NA
M0172/LH185	56.1929155703591	NA	NA	63	62.9588632499333	64.3758211759521	63.9158907351586	NA	NA	NA	NA	NA	NA	NA	NA	NA	NA	NA
M0186/LH185	60.6929155703591	60.374306341878	62.2622239842029	61.5	63.4277605166196	62.3758211759521	63.9158907351586	NA	NA	67.2604354184777	66.7353919892569	71.1390745923256	71.9999999776579	NA	74.6882623130434	76.6846517641307	NA	87.3720272433235
M0266/LH185	60.6929155703591	61.3382036379701	NA	64	62.9588632499333	65.3758211759521	65.9158907351586	NA	NA	NA	72.2895390447278	NA	NA	75.9324904413629	75.6882623130434	NA	NA	83.5772824063421
M0269/LH185	60.1929155703591	NA	62.4321757616589	65	62.9588632499333	67.1149133309857	63.9158907351586	65.5888295606883	NA	NA	NA	71.5238507621758	71.9999999776579	74.9324904413629	NA	NA	NA	NA
M0272/LH185	59.6929155703591	NA	NA	63.5	63.4277605166196	65.3758211759521	66.0969617793706	NA	NA	NA	NA	NA	NA	NA	NA	NA	NA	NA
M0287/LH185	61.6929155703591	NA	63.3542037561177	64	64.4277605166196	65.3758211759521	65.0969617793706	NA	68.010068737455	NA	70.0996291580516	71.6869195760179	74.0000000223421	NA	72.0085593390672	77.7783315848724	NA	84.8075963119042
M0296/LH185	60.1929155703591	63.1858419530662	NA	63.5	64.4277605166196	63.8758211759521	65.0969617793706	66.5029690269561	NA	NA	NA	70.7164938947516	73.9999999776579	NA	NA	NA	NA	NA
M0297/LH185	55.6929155703591	NA	NA	64	63.4277605166196	63.3758211759521	64.4158907351586	NA	NA	NA	NA	NA	NA	NA	NA	NA	NA	NA
M0311/LH185	56.6929155703591	63.6660845434596	NA	64	63.4277605166196	63.8758211759521	64.4158907351586	NA	NA	NA	NA	73.6302368078844	NA	NA	NA	NA	NA	NA
M0317/LH185	61.1929155703591	NA	NA	64	63.4277605166196	64.8758211759521	65.1888670537546	NA	NA	NA	NA	NA	NA	NA	NA	NA	NA	NA
M0323/LH185	60.1929155703591	61.3121441083792	63.026072845097	64	61.4277605166196	64.3758211759521	65.4158907351586	67.4029197848461	67.6777577288478	NA	68.4206647668015	71.6319536773971	73.5	67.9324904413629	74.2775045052076	NA	NA	NA
M0325/LH185	61.1929155703591	NA	NA	64	64.4277605166196	64.3758211759521	63.0969617793706	NA	NA	68.5578386181375	NA	NA	NA	NA	75.3104365862542	NA	NA	86.2059014580068
M0326/LH185	NA	NA	NA	NA	NA	NA	NA	NA	NA	NA	NA	NA	NA	72.0675095586372	75.2775045052076	80.037837716389	79.7181509073277	84.3720272433235
M0346/LH185	56.6929155703591	59.8162790763634	NA	63	63.4277605166196	63.8758211759521	63.4158907351586	67.3565869457287	NA	NA	69.4206647668015	NA	NA	NA	NA	NA	NA	NA
M0352/LH185	54.1929155703591	NA	NA	61.5	61.4277605166196	61.8758211759521	61.9158907351586	NA	NA	NA	NA	NA	NA	NA	NA	NA	NA	NA
M0355/LH185	56.6929155703591	NA	NA	62.5	62.9588632499333	63.3758211759521	64.4158907351586	NA	NA	NA	NA	NA	NA	NA	NA	NA	NA	NA
M0369/LH185	60.1929155703591	NA	NA	63	63.4277605166196	63.8758211759521	64.0969617793706	NA	NA	NA	NA	NA	NA	NA	NA	NA	NA	NA
M0378/LH185	61.0222717520926	NA	NA	64	62.9588632499333	64.3758211759521	64.4158907351586	NA	NA	NA	NA	NA	NA	NA	NA	NA	NA	NA
MO44_LH145_0127/LH185	55.8234167717464	NA	58.6173351263884	NA	NA	62.066225185151	60.5678743417099	NA	64.010068737455	65.5090342521826	66.3179406600281	NA	NA	NA	69.4665433362432	NA	76.6111275458072	80.9745216871406
MO44_LH145_0138/LH185	57.8234167717464	NA	NA	NA	NA	63.566225185151	64.3477437526234	NA	NA	68.6918641477566	NA	NA	NA	76.9324904413629	74.1621773754241	77.7783315848724	81.6111275458072	83.4879437109152
MO44_PHG47_0072/LH185	56.8234167717464	NA	62.7686541604833	NA	NA	65.066225185151	63.3477437526234	NA	NA	NA	NA	72.3440651442571	NA	NA	74.2775045052076	NA	80.7181509073277	85.4879437109152
MO44_PHW65_0025/LH185	61.8234167717464	62.6385558714967	NA	NA	NA	63.566225185151	65.8477437526234	NA	NA	NA	NA	71.5549409183274	NA	NA	NA	NA	NA	NA
MO44_PHW65_0035/LH185	58.8234167717464	61.374306341878	63.1432367183084	NA	NA	63.8559482299032	65.9410335562613	66.5809152493928	68.4071940546633	NA	NA	71.1319278491473	NA	72.0675095586372	74.2775045052076	79.1664969585813	NA	86.8075963119042
MO44_PHW65_0193/LH185	57.3234167717464	NA	NA	NA	NA	62.566225185151	63.8477437526234	NA	65.4022530895729	NA	NA	NA	NA	NA	NA	NA	80.9552579765277	NA
MOG_LH123HT-199-1-1-1-1-B/LH185	65.3234167717464	NA	NA	NA	NA	66.066225185151	66.2743668895946	NA	NA	63.4238130885185	NA	NA	NA	74.9324904413629	77.6469975521123	79.037837716389	81.7181509073277	87.3720272433235
MOG_LH123HT-200-1-1-1-1-B/LH185	60.3234167717464	NA	NA	NA	NA	67.066225185151	67.3477437526234	NA	NA	NA	74.6185293003301	72.1390745923256	NA	NA	NA	NA	NA	NA
MOG_LH145_0162/LH185	56.8234167717464	NA	NA	NA	NA	62.066225185151	63.5678743417099	NA	NA	NA	NA	NA	NA	NA	NA	NA	NA	NA
MOG_LH145_0173/LH185	58.3234167717464	NA	NA	NA	NA	63.566225185151	67.3477437526234	NA	67.1540300509674	NA	NA	NA	NA	NA	NA	NA	NA	NA
MOG_LH145_0175/LH185	58.8234167717464	NA	NA	NA	NA	64.566225185151	65.6077002229279	NA	NA	NA	NA	NA	NA	NA	NA	NA	NA	NA
MOG_MO45-030-1-1-1-1-B/LH185	59.3234167717464	59.8512050726226	NA	NA	NA	64.066225185151	66.5678743417099	NA	NA	NA	NA	NA	NA	NA	NA	NA	NA	NA
MOG_MO45-074-1-1-1-1-B/LH185	60.3234167717464	NA	NA	NA	NA	67.566225185151	67.3477437526234	NA	NA	NA	NA	NA	NA	NA	NA	NA	NA	NA
MOG_MO45-078-1-1-1-1-B/LH185	59.6400577058607	61.16970445146	NA	NA	NA	64.2765021403987	64.5678743417099	NA	70.4619928723421	NA	NA	NA	NA	75.0675095586372	NA	NA	80.6269503667293	NA
MOG_MO45-128-1-1-1-1-B/LH185	64.3234167717464	56.5612773692743	63.8534047447588	NA	NA	65.566225185151	66.8477437526234	NA	NA	NA	69.8775664326389	NA	NA	NA	NA	NA	NA	NA
MOG_OH43_0071/LH185	61.3234167717464	NA	NA	NA	NA	64.066225185151	65.3477437526234	66.4949929414116	66.2697289202263	NA	NA	NA	NA	NA	NA	NA	NA	NA
MOG_OH43_0170/LH185	58.8234167717464	61.8201093095668	63.3177203345429	NA	NA	64.566225185151	63.3477437526234	NA	NA	NA	NA	NA	NA	74.0675095586372	NA	NA	81.7567016577238	85.3901803388099
MOG_OH43_0367/LH185	59.3234167717464	63.2951748257341	62.4321757616589	NA	NA	64.566225185151	64.6077002229279	66.5888295606883	NA	NA	NA	NA	NA	75.0675095586372	NA	NA	NA	NA
MOG_PHG83-090-1-1-1-1-B/LH185	64.3234167717464	62.374306341878	65.4321757616589	NA	NA	66.066225185151	67.3477437526234	NA	69.017568375884	NA	69.8643264997024	NA	NA	NA	NA	NA	84.3450464646251	NA
MOG_PHG83-224-1-1-1-1-B/LH185	62.3234167717464	60.3121441083792	61.4119427107824	NA	NA	63.566225185151	64.8477437526234	NA	NA	NA	NA	NA	NA	NA	NA	NA	NA	NA
PHN11_LH145_0003/LH185	55.3234167717464	NA	NA	NA	NA	61.8559482299032	62.6077002229279	63.4949929414116	NA	67.2761540706855	NA	68.0214341980366	NA	NA	71.4665433362432	73.9606620234577	80.3604159680786	80.5636368353316
PHN11_LH145_0028/LH185	55.8234167717464	NA	NA	NA	NA	62.066225185151	63.3477437526234	NA	NA	NA	NA	NA	NA	NA	NA	70.6874916518838	NA	NA
PHN11_LH145_0085/LH185	57.8234167717464	59.0309233661152	NA	NA	NA	62.566225185151	63.3477437526234	65.441168680509	65.017568375884	67.3512675583125	NA	NA	NA	74.0675095586372	74.6586448603266	NA	78.8199144524993	81.8482443624864
PHN11_OH43_0001/LH185	58.6400577058607	60.3382036379701	62.4321757616589	NA	NA	64.566225185151	63.3477437526234	66.5029690269561	NA	66.8714552290381	NA	NA	NA	NA	72.4665433362432	NA	NA	85.8482443624864
PHN11_OH43_0036/LH185	56.8234167717464	59.3726600927863	62.4119427107824	NA	NA	62.566225185151	63.3477437526234	65.4346573152778	64.4022530895729	NA	NA	70.3626911334412	NA	71.9324904413629	75.4680892455751	NA	NA	NA
PHN11_OH43_0075/LH185	58.3234167717464	NA	NA	NA	NA	64.066225185151	63.8477437526234	63.5051316147375	65.8332515187043	NA	NA	NA	NA	77.0675095586372	NA	NA	78.8199144524993	NA
PHN11_OH43_0088/LH185	59.3234167717464	60.8162790763634	NA	NA	NA	64.566225185151	63.3477437526234	67.4949929414116	68.8413325144035	65.1042410969117	NA	NA	NA	75.0675095586372	NA	NA	NA	NA
PHN11_OH43_0142/LH185	56.8234167717464	NA	NA	NA	NA	61.566225185151	63.3477437526234	64.5518164487405	65.8691676014192	NA	NA	68.1370819875462	NA	67.9324904413629	NA	NA	78.889507432861	NA
PHN11_PHG47_0251/LH185	57.3234167717464	NA	NA	NA	NA	63.566225185151	63.3477437526234	65.5745654727137	NA	67.1042410969117	NA	70.1390745923256	NA	NA	71.6882623130434	NA	79.9848508499253	NA
PHN11_PHW65_0275/LH185	62.3234167717464	NA	63.8534047447588	NA	NA	64.566225185151	64.8477437526234	NA	NA	69.8710331746147	NA	71.8607849197587	NA	NA	NA	NA	82.3450464646251	NA
PHW65_MOG_0012/LH185	63.3234167717464	NA	NA	NA	NA	65.066225185151	66.3477437526234	NA	68.1540300509674	NA	NA	NA	NA	NA	NA	NA	NA	NA
PHW65_MOG_0137/LH185	58.8234167717464	NA	62.9681364380609	NA	NA	65.066225185151	65.2743668895946	NA	66.0508479397102	NA	NA	NA	NA	NA	NA	NA	NA	NA
PHW65_MOG_0271/LH185	63.3234167717464	62.8201093095668	NA	NA	NA	64.566225185151	66.3477437526234	68.4029197848461	NA	NA	NA	73.0812974856586	NA	NA	NA	NA	NA	NA
TX204/LH185	61.5213208676424	NA	NA	65	63.0002086263771	NA	65.6259249515246	NA	NA	NA	NA	NA	NA	NA	NA	NA	NA	NA
TX772/LH185	63.5871470602608	NA	NA	66	64.3724626405562	NA	67.1259249515246	NA	NA	NA	NA	NA	NA	NA	NA	NA	NA	NA
W10004_0032/LH185	56.0871470602608	NA	61.2288590432031	60.5	60.2557005980191	NA	62.6259249515246	NA	NA	NA	68.8775664326389	71.1185956422916	NA	71.0675095586372	NA	NA	78.1353463262415	NA
W10004_0076/LH185	59.5871470602608	60.8201093095668	NA	63	62.3724626405562	NA	64.6259249515246	NA	67.1916687260734	70.1673484735319	68.7353919892569	70.0812974856586	NA	NA	NA	75.1237615818608	79.9552579765277	84.5562495777287
W10005_0029/LH185	55.0871470602608	NA	NA	62	60.4892246830932	NA	61.7910382723905	NA	NA	NA	NA	NA	NA	NA	NA	NA	NA	NA
W10005_0037/LH185	54.5871470602608	NA	NA	63	61.3724626405562	NA	63.2375538445693	NA	NA	NA	NA	NA	NA	NA	NA	NA	NA	NA
W10005_0107/LH185	55.5871470602608	NA	NA	62.3333333333333	60.3335419597105	NA	63.5708871779027	NA	NA	NA	NA	NA	NA	NA	NA	NA	NA	NA
W10005_0147/LH185	57.7846256381158	NA	NA	NA	60.4892246830932	NA	63.7910382723905	NA	NA	NA	NA	NA	NA	NA	NA	NA	NA	NA
W10005_0220/LH185	59.5871470602608	NA	NA	63	62.4892246830932	NA	63.7910382723905	NA	NA	NA	NA	NA	NA	NA	NA	NA	NA	NA
Z013E0002/LH185	62.1929155703587	61.8162790763634	NA	NA	65.9999999999992	65.4979291413688	65.7719397293369	NA	NA	NA	NA	73.1370819875462	NA	NA	NA	NA	NA	NA
Z013E0006/LH185	61.0795647880908	60.8982257731879	NA	NA	64.9999999999992	65.4979291413688	66.2719397293369	69.3565869457287	NA	NA	NA	NA	NA	NA	NA	NA	NA	NA
Z013E0007/LH185	63.1929155703587	63.6660845434596	NA	NA	66.0089763471111	66.4979291413688	67.2719397293369	NA	NA	NA	NA	75.7882568531717	NA	NA	NA	NA	NA	NA
Z013E0014/LH185	64.1929155703587	NA	NA	NA	65.9999999999992	67.4979291413688	67.3336573341755	NA	NA	NA	NA	NA	78.0000000223421	NA	NA	NA	NA	NA
Z013E0026/LH185	63.6929155703587	63.6385558714967	63.4456115431931	NA	65.9999999999992	66.4979291413688	68.7719397293369	NA	NA	NA	NA	NA	NA	NA	NA	NA	NA	NA
Z013E0028/LH185	62.6929155703587	61.3726600927863	62.7874292939791	NA	64.9999999999992	65.9979291413688	65.9180338610574	NA	NA	NA	NA	NA	73.0000000223421	NA	NA	NA	NA	NA
Z013E0032/LH185	60.6929155703587	NA	NA	NA	63.9999999999992	64.4979291413688	68.3336573341755	NA	NA	NA	70.3063196816648	NA	NA	NA	NA	NA	NA	NA
Z013E0034/LH185	61.6929155703587	60.8982257731879	NA	NA	61.9910236528873	65.4979291413688	66.9180338610574	NA	NA	NA	NA	NA	NA	NA	NA	NA	NA	NA
Z013E0046/LH185	64.1929155703587	NA	NA	NA	65.9999999999992	68.0977915086601	67.7719397293369	NA	NA	NA	NA	NA	NA	NA	NA	NA	NA	NA
Z013E0052/LH185	64.1929155703587	NA	NA	NA	65.9999999999992	65.4979291413688	69.2719397293369	NA	NA	NA	70.8545354530358	NA	NA	NA	NA	NA	NA	NA
Z013E0055/LH185	62.6929155703587	63.3121441083792	64.4530878003516	NA	65.9999999999992	66.4979291413688	67.2719397293369	NA	70.4619928723421	NA	NA	NA	72.9999999776579	NA	NA	NA	NA	NA
Z013E0059/LH185	60.1929155703587	NA	62.8934681525654	NA	63.9999999999992	67.9979291413688	67.2719397293369	NA	67.8430044831655	NA	NA	74.8975626180935	NA	NA	NA	NA	NA	NA
Z013E0063/LH185	62.1929155703587	60.0066216370925	63.9681364380609	NA	64.9999999999992	64.9979291413688	65.7719397293369	69.4029197848461	NA	NA	NA	NA	NA	NA	NA	NA	NA	NA
Z013E0067/LH185	64.1929155703587	62.5612773692743	NA	NA	65.9999999999992	66.4979291413688	67.2719397293369	NA	67.8430044831655	NA	69.9302754894884	76.1319278491473	NA	NA	NA	NA	NA	NA
Z013E0072/LH185	60.1929155703587	NA	NA	NA	63.9999999999992	65.8980667740775	66.2719397293369	NA	NA	NA	NA	72.7882568531717	76.0000000223421	NA	NA	NA	NA	NA
Z013E0078/LH185	63.1929155703587	62.0981705942185	NA	NA	64.9999999999992	68.4979291413688	66.2719397293369	NA	NA	NA	NA	74.3626911334412	NA	NA	NA	NA	NA	NA
Z013E0080/LH185	61.1929155703587	NA	NA	NA	65.9999999999992	64.9979291413688	66.2513671943907	NA	NA	NA	NA	NA	NA	NA	NA	NA	NA	NA
Z013E0082/LH185	62.6929155703587	64.5612773692744	65.4456115431931	NA	64.9999999999992	66.4979291413688	67.2719397293369	NA	71.1156603825726	NA	NA	NA	NA	NA	NA	NA	NA	NA
Z013E0087/LH185	62.6929155703587	NA	NA	NA	64.9999999999992	65.9979291413688	65.7719397293369	69.4182208533371	NA	NA	NA	71.5549409183274	NA	NA	NA	NA	NA	NA
Z013E0090/LH185	62.1929155703587	NA	NA	NA	64.9999999999992	66.9979291413688	64.7719397293369	67.442523411912	NA	NA	NA	NA	NA	NA	NA	NA	NA	NA
Z013E0093/LH185	61.6929155703587	NA	63.7686541604833	NA	62.9999999999992	65.4979291413688	67.584700527724	NA	67.017568375884	NA	NA	NA	NA	NA	NA	NA	NA	NA
Z022E0003/LH185	57.8234167717455	59.8201093095668	NA	63.5	62.9999999999993	64.6296931882178	64.5598417409798	NA	NA	NA	70.3063196816648	NA	NA	NA	NA	NA	NA	NA
Z022E0005/LH185	57.8234167717455	61.8512050726226	NA	63	60.9999999999993	65.1296931882178	65.0598417409798	NA	NA	NA	68.3179406600281	69.3626911334412	NA	NA	NA	NA	NA	NA
Z022E0006/LH185	56.3234167717455	NA	NA	62	63.9999999999993	63.6296931882178	63.5598417409798	NA	NA	NA	NA	NA	NA	NA	NA	NA	NA	NA
Z022E0008/LH185	57.8234167717455	60.8982257731879	61.7303442279429	62.5	62.6553953813207	65.1296931882178	65.0598417409798	NA	67.1540300509674	NA	NA	NA	NA	NA	NA	NA	NA	NA
Z022E0009/LH185	58.3234167717455	NA	NA	62.5	63.3446046186778	65.1296931882178	64.5598417409798	66.5500247608267	70.8413325144035	NA	NA	NA	NA	NA	NA	NA	NA	NA
Z022E0017/LH185	57.3234167717455	60.3726600927863	NA	62.5	62.9999999999993	64.6296931882178	63.0598417409798	NA	NA	NA	NA	68.7164938947516	NA	74.9324904413629	NA	NA	80.6111275458072	NA
Z022E0023/LH185	56.8234167717455	NA	62.2288590432031	63.5	62.9999999999993	64.6296931882178	64.5598417409798	NA	66.8430044831655	NA	66.6964506199893	NA	NA	73.0675095586372	NA	NA	NA	NA
Z022E0025/LH185	56.3234167717455	NA	NA	60	62.9999999999993	63.1296931882178	63.0598417409798	NA	NA	NA	NA	69.4495766583061	NA	NA	NA	NA	NA	NA
Z022E0027/LH185	58.8234167717455	NA	NA	63	63.9999999999993	64.1296931882178	64.5598417409798	NA	NA	NA	NA	NA	NA	NA	NA	NA	NA	NA
Z022E0042/LH185	57.8234167717455	NA	NA	63.5	63.9999999999993	65.6296931882178	64.5598417409798	NA	NA	NA	NA	NA	NA	NA	NA	NA	NA	NA
Z022E0046/LH185	58.3234167717455	NA	NA	64	62.9999999999993	65.8688086607862	64.5598417409798	NA	NA	NA	NA	NA	NA	NA	NA	NA	NA	NA
Z022E0048/LH185	58.8234167717455	NA	NA	64	62.9999999999993	65.1296931882178	65.0598417409798	NA	NA	NA	NA	NA	NA	NA	NA	NA	NA	NA
Z022E0051/LH185	58.8234167717455	NA	NA	64.5	63.3446046186778	65.6296931882178	65.0598417409798	NA	NA	NA	67.7353919892569	NA	NA	NA	NA	NA	NA	NA
Z022E0053/LH185	57.8234167717455	NA	64.9681364380609	62.5	63.9999999999993	64.6296931882178	64.5598417409798	NA	64.8332515187043	NA	NA	NA	74.0000000223421	NA	NA	NA	NA	NA
Z022E0059/LH185	58.8234167717455	61.2951748257341	NA	64	62.9999999999993	64.6296931882178	64.5598417409798	NA	70.4619928723421	NA	NA	71.5238507621758	NA	NA	NA	NA	80.4176625462069	NA
Z022E0073/LH185	57.8234167717455	NA	NA	63	63.9999999999993	64.6296931882178	65.5598417409798	NA	67.7550554927881	NA	NA	NA	NA	76.0675095586372	NA	NA	NA	NA
Z022E0077/LH185	58.3234167717455	NA	NA	61.5	63.9999999999993	64.1296931882178	63.0598417409798	NA	NA	NA	NA	NA	NA	NA	NA	NA	NA	NA
Z022E0095/LH185	58.3234167717455	NA	NA	62.5	60.6553953813207	65.1296931882178	64.5598417409798	65.5818778104071	67.7550554927881	NA	68.2089558123623	NA	NA	77.0675095586372	NA	NA	NA	NA
Z022E0097/LH185	57.8234167717455	61.374306341878	61.8934681525654	64	63.9999999999993	65.1296931882178	65.0598417409798	NA	66.8430044831655	NA	NA	NA	NA	NA	NA	NA	81.8628523440079	NA
Z022E0105/LH185	57.8234167717455	63.3121441083792	NA	64.5	NA	64.6296931882178	64.5598417409798	NA	NA	NA	NA	72.1185956422916	76.0000000223421	75.9324904413629	NA	NA	NA	NA
Z022E0108/LH185	59.7769571387191	61.0309233661152	NA	63.5	63.9999999999993	64.1296931882178	64.5598417409798	NA	66.4071940546633	NA	NA	NA	NA	NA	NA	NA	NA	NA
Z022E0110/LH185	57.8234167717455	NA	NA	62.5	62.9999999999993	64.6296931882178	63.5984464491723	NA	NA	NA	NA	NA	NA	NA	NA	NA	NA	NA
Z022E0114/LH185	58.3234167717455	NA	62.3542037561177	64	63.9999999999993	66.6296931882178	64.5984464491723	65.5283202026578	NA	NA	NA	NA	NA	76.9324904413629	NA	NA	NA	NA
Z022E0121/LH185	57.8234167717455	NA	NA	63	62.9999999999993	64.1296931882178	64.5598417409798	64.4333845369542	NA	NA	NA	72.6302368078844	NA	73.0675095586372	NA	75.6874916518838	NA	NA
Z022E0123/LH185	58.3234167717455	61.6385558714967	62.8534047447588	63	63.9999999999993	64.1296931882178	64.5598417409798	NA	66.2697289202263	NA	NA	NA	NA	76.9324904413629	NA	NA	83.3604159680786	NA
Z022E0130/LH185	57.8234167717455	NA	NA	63	65.3446046186778	64.6296931882178	63.5984464491723	NA	NA	NA	NA	NA	NA	NA	NA	NA	NA	NA
Z022E0142/LH185	58.3234167717455	NA	NA	63.5	61.9999999999993	66.1296931882178	64.5984464491723	NA	NA	NA	NA	NA	NA	NA	NA	NA	NA	NA
Z022E0149/LH185	58.3234167717455	NA	61.4456115431931	62.5	62.9999999999993	65.6296931882178	65.0598417409798	67.5809152493928	NA	NA	69.4206647668015	NA	NA	76.0675095586372	NA	NA	84.8996308386894	NA
Z022E0160/LH185	59.3234167717455	NA	61.4321757616589	63.5	62.6553953813207	66.6296931882178	65.5598417409798	NA	67.1540300509674	NA	NA	74.3440651442571	73.9999999776579	NA	NA	NA	NA	NA
Z022E0166/LH185	57.3234167717455	NA	NA	62.5	63.9999999999993	65.1296931882178	64.5598417409798	NA	NA	NA	70.3063196816648	NA	NA	NA	NA	NA	NA	NA
