line_code	TXH2_15	NEH4_15	NEH2_15	NEH1_15	KSH1_15	INH1_15	NEH1_14	OHH1_15	MOH1_14	NCH1_15	MNH1_15	NYH2_15	IAH4_14	DEH1_14	SDH1_15	DEH1_15	NYH3_15	IAH2_14	IAH3_14	ONH2_15	ONH2_14	ONH1_15
B73_NC230-041-1-1-1-1/LH185	NA	NA	NA	14.2657248347061	NA	NA	17.2435647239571	NA	16.8662183045642	NA	18.0000000275018	23.2515701747242	21.5073752407546	NA	NA	NA	NA	NA	22.5883766854789	NA	NA	NA
B73_NC230-059-1-1-1-1/LH185	NA	14.2672849381241	16.7524395868991	NA	19.0577173507184	NA	18.5435647239571	21.2440376145037	18.7162183045642	19.0488941133464	23.5000000275018	NA	23.0561363877005	NA	27.7173779892729	22.9825999932575	26.1197790525073	NA	25.7383766854789	NA	NA	36.1989766388451
B73_NC230-129-1-1-1-1/LH185	15.3301397740602	NA	NA	14.9657248347061	16.4561054165579	18.6	18.5964733353992	20.255962385496	17.7169480653877	18.9816947559773	NA	NA	23.4579946672816	NA	NA	24.4826002521369	NA	NA	24.3793151687513	NA	NA	NA
CG120/LH185	NA	NA	NA	NA	NA	NA	13.0719128965228	NA	NA	NA	NA	NA	15.7862357051052	18.3278708391621	14.1462246197431	NA	NA	NA	NA	19.738559963312	25.4255363822242	27.648272352602
CG65/LH185	NA	13.677563345006	NA	NA	NA	NA	13.5719128965228	NA	NA	NA	14.8999999724982	15.5	15.2862357051052	18.3778708391621	13.8012821302359	NA	16.7116438854193	NA	NA	20.2902974606479	22.6255363822242	27.2548577004799
CGR01/LH185	NA	NA	NA	NA	NA	NA	14.6719128965228	NA	NA	NA	NA	NA	16.1362357051052	17.0175526415229	NA	NA	NA	NA	NA	NA	27.3255363822242	NA
CGR03/LH185	NA	NA	NA	NA	NA	NA	14.2219128965228	NA	NA	NA	NA	NA	19.7486676201587	23.4381890368014	NA	NA	NA	NA	NA	NA	27.9170516659596	NA
LH195/LH185	12.5731785449339	14.5395536069229	15.3498387685058	14.7332998757322	NA	15	15.6219128965228	15.4440376145037	NA	NA	18.25	18.6515701747242	18.2238037900517	20.4778708391621	21.4997938022227	20.2173998273003	20.8183341133767	NA	NA	NA	30.6255363822242	34.8660421487734
M0001/LH185	NA	NA	NA	NA	NA	NA	13.7184447248303	NA	15.1710244216765	NA	NA	NA	17.1652147935174	19.2975063606484	NA	NA	NA	19.7259929802579	NA	NA	25.5803900781906	NA
M0003/LH185	12.7923603351949	NA	NA	NA	15.6472665071018	NA	14.9684447248303	14.3440376145037	16.9316673959246	15.542017784153	NA	18.3484298252758	18.3152147935174	19.9475063606484	NA	19.7173997196351	22.011261895403	21.5759929802579	NA	NA	27.8803900781906	33.111373222832
M0008/LH185	14.1341449860665	13.9306407952494	15.0631640801653	NA	NA	NA	17.8184447248303	14.3440376145037	16.0816673959246	NA	18.8999999724982	NA	19.3652147935174	16.3583144279397	NA	NA	22.1409527863193	22.3759929802579	NA	24.3521855342839	28.4303900781906	NA
M0012/LH185	NA	NA	NA	NA	NA	NA	14.9684447248303	NA	16.5316673959246	NA	NA	NA	19.4152147935174	18.4975063606484	NA	NA	NA	22.5259929802579	NA	NA	29.8803900781906	NA
M0014/LH185	9.22783341582296	NA	NA	NA	NA	NA	15.3684447248303	NA	17.0816673959246	NA	17.3000000275018	NA	17.3152147935174	NA	NA	NA	NA	22.8759929802579	NA	NA	29.7303900781906	NA
M0022/LH185	NA	NA	NA	NA	NA	NA	16.1684447248303	NA	15.6316673959246	NA	17.2999999724982	17.0515701747242	18.1152147935174	19.5975063606484	23.6361119673453	NA	20.1282078594966	20.5259929802579	NA	21.4231297066071	27.6303900781906	35.9679535785221
M0024/LH185	8.5462395931753	14.3316402851824	NA	NA	NA	14.8	NA	NA	NA	NA	NA	NA	NA	NA	NA	NA	18.0833392402665	NA	NA	NA	NA	35.2429461755457
M0027/LH185	NA	NA	NA	NA	NA	NA	15.5684447248303	NA	16.1316673959246	NA	NA	NA	17.4652147935174	19.1475063606484	NA	NA	NA	20.9259929802579	NA	NA	28.4803900781906	NA
M0028/LH185	11.4981265358776	NA	NA	NA	NA	NA	14.9684447248303	NA	15.4316673959246	NA	NA	17.0515701747242	17.3652147935174	18.8975063606484	NA	NA	NA	20.5259929802579	NA	23.2377725837452	28.2520289214709	NA
M0030/LH185	12.3923603351949	NA	NA	NA	NA	NA	14.7684447248303	NA	15.6316673959246	NA	NA	17.7515701747242	18.6652147935174	20.8475063606484	NA	19.1826002521369	19.4889418227703	21.9759929802579	NA	NA	28.6303900781906	30.9369489415922
M0035/LH185	NA	NA	NA	NA	NA	NA	13.6684447248303	NA	14.7316673959246	NA	NA	NA	17.1652147935174	20.0475063606484	NA	NA	NA	20.1759929802579	NA	NA	24.1803900781906	NA
M0039/LH185	NA	NA	NA	NA	NA	NA	14.2184447248303	NA	15.6316673959246	NA	NA	NA	17.7152147935174	20.4366982933571	NA	NA	NA	19.7259929802579	NA	NA	27.7803900781906	NA
M0041/LH185	NA	NA	13.2522077767379	14.7113271330846	NA	NA	13.8684447248303	12.855962385496	15.1710244216765	NA	15.4999999724982	15.4484298252758	16.6152147935174	20.6583144279397	25.3611290619028	NA	NA	19.5259929802579	NA	21.7464245990576	24.2803900781906	NA
M0042/LH185	NA	NA	NA	NA	NA	NA	16.1184447248303	NA	15.9816673959246	NA	NA	NA	18.2652147935174	18.2583144279397	NA	NA	NA	21.5259929802579	NA	NA	28.1803900781906	NA
M0045/LH185	NA	NA	NA	NA	NA	NA	19.7684447248303	NA	17.5316673959246	NA	NA	NA	21.6652147935174	19.4475063606484	NA	NA	NA	26.0259929802579	NA	NA	33.2803900781906	NA
M0051/LH185	NA	NA	NA	NA	NA	NA	14.0184447248303	NA	15.6816673959246	NA	NA	NA	16.3152147935174	18.1475063606484	19.9751406495639	NA	NA	19.4759929802579	NA	22.9464245990576	23.8303900781906	NA
M0052/LH185	10.727833415823	14.8395536069229	13.2524395868991	14.1687997938489	NA	NA	16.6184447248303	16.455962385496	16.4316673959246	16.0673907525104	16.5000000275018	NA	19.1152147935174	19.1975063606484	NA	19.8825999932575	22.6984802690142	22.0759929802579	NA	NA	30.1803900781906	30.3595011704297
M0058/LH185	NA	NA	NA	NA	14.8577173507184	NA	17.6853505343394	NA	17.2316673959246	18.0026288408644	NA	20.3484298252758	18.9652147935174	20.4475063606484	NA	19.4173997196351	23.1197790525073	22.4759929802579	NA	NA	30.3803900781906	30.8088575498232
M0075/LH185	NA	NA	NA	NA	NA	NA	14.9184447248303	NA	15.8816673959246	NA	NA	NA	17.5652147935174	17.9975063606484	NA	NA	NA	21.3259929802579	NA	NA	26.3803900781906	NA
M0076/LH185	NA	NA	NA	NA	NA	NA	15.2684447248303	NA	16.3316673959246	NA	NA	NA	17.8652147935174	20.0975063606484	NA	NA	NA	20.5259929802579	NA	NA	27.0803900781906	NA
M0077/LH185	NA	NA	NA	NA	NA	NA	16.5684447248303	NA	16.6316673959246	NA	NA	NA	19.4152147935174	NA	NA	NA	NA	21.8759929802579	NA	NA	27.8803900781906	NA
M0083/LH185	NA	NA	NA	NA	NA	NA	14.8184447248303	NA	16.2816673959246	NA	NA	NA	17.1652147935174	18.9475063606484	NA	NA	NA	20.4259929802579	NA	NA	26.1803900781906	NA
M0085/LH185	NA	13.3316402851824	NA	13.6330842318171	NA	NA	13.6184447248303	12.055962385496	14.8316673959246	NA	NA	NA	16.2652147935174	19.3583144279397	NA	19.6826002521369	NA	19.8759929802579	NA	NA	26.6303900781906	NA
M0088/LH185	NA	NA	NA	15.6541294562785	NA	NA	16.0684447248303	15.255962385496	16.0316673959246	NA	16.9000000275018	18.5515701747242	18.6652147935174	19.5366982933572	NA	NA	20.0568540738568	21.5259929802579	NA	NA	28.4303900781906	33.0088575498232
M0099/LH185	NA	NA	NA	NA	NA	NA	15.1184447248303	NA	16.4816673959246	NA	NA	NA	19.0152147935174	19.6475063606484	NA	NA	NA	22.7259929802579	NA	NA	28.0803900781906	NA
M0101/LH185	12.2066115887208	13.9157196047435	13.3870806660723	15.0330842318171	NA	NA	14.4184447248303	14.355962385496	15.8316673959246	NA	15.9999999724982	15.9484298252758	16.1652147935174	18.2475063606484	NA	NA	17.811261895403	18.9259929802579	NA	20.3325279723426	24.7803900781906	32.8950626061957
M0106/LH185	NA	NA	NA	NA	NA	NA	16.2184447248303	NA	15.8316673959246	NA	17.4000000275018	NA	18.6652147935174	18.1475063606484	24.210219148593	NA	18.997173950575	22.3259929802579	NA	NA	27.4303900781906	24.6429461755457
M0114/LH185	NA	NA	NA	NA	NA	NA	15.6684447248303	NA	15.7316673959246	NA	NA	NA	16.9152147935174	18.1366982933571	NA	NA	NA	21.1259929802579	NA	NA	27.3303900781906	NA
M0118/LH185	13.4724136168147	NA	NA	13.773586036519	NA	NA	15.7184447248303	15.955962385496	16.4316673959246	NA	NA	18.6515701747242	18.8152147935174	19.8975063606484	NA	21.6826003728524	22.3183341133767	23.9259929802579	NA	NA	29.2303900781906	32.3975716220715
M0143/LH185	10.3621530122428	14.4523831569424	14.7940331723364	NA	13.1549374299591	NA	17.6684447248303	16.955962385496	16.4316673959246	16.9119076706801	NA	21.3515701747242	19.9152147935174	22.1475063606484	NA	NA	NA	24.5759929802579	NA	24.9955068636758	30.7803900781906	33.2370435347742
M0151/LH185	NA	13.9306407952494	14.2631640801653	NA	NA	NA	15.1684447248303	NA	15.9316673959246	16.4816947559773	17.0999999724982	16.7515701747242	17.6652147935174	17.9975063606484	NA	16.8173998620534	NA	21.3259929802579	NA	NA	26.6303900781906	30.9088575498232
M0154/LH185	NA	NA	14.1524395868991	NA	NA	NA	13.0684447248303	NA	15.9316673959246	NA	NA	NA	17.1152147935174	18.7475063606484	NA	18.1825999932575	20.611261895403	21.2259929802579	NA	20.8464245990576	27.0303900781906	29.4370435347742
M0159/LH185	NA	NA	18.0930334740365	14.0332998757322	NA	NA	16.8184447248303	NA	15.2316673959246	NA	16.7999999724982	NA	17.4152147935174	17.3583144279397	NA	17.9826002085879	NA	22.4759929802579	NA	24.2537401826408	28.3803900781906	NA
M0163/LH185	NA	NA	NA	NA	NA	NA	13.8684447248303	NA	16.2816673959246	NA	NA	NA	18.2652147935174	18.5475063606484	NA	NA	NA	21.2759929802579	NA	NA	28.0303900781906	NA
M0172/LH185	NA	NA	NA	NA	NA	NA	13.6684447248303	NA	16.0816673959246	NA	NA	NA	17.7152147935174	17.4366982933571	NA	NA	NA	19.6259929802579	NA	NA	26.4803900781906	NA
M0186/LH185	16.0621530122428	14.3801601459547	NA	14.7330842318171	NA	NA	15.8684447248303	14.555962385496	16.4816673959246	16.658435615363	NA	NA	17.5652147935174	21.0475063606484	16.8498431348131	18.4173998664513	21.3904940626355	20.6759929802579	NA	22.3574652146888	24.7303900781906	32.2559569113826
M0266/LH185	NA	NA	14.0052424343805	NA	NA	NA	15.6184447248303	NA	15.3316673959246	NA	17.5000000275018	NA	17.3152147935174	16.5366982933571	NA	17.9826001999356	19.1904940626355	20.8259929802579	NA	NA	28.1803900781906	32.1369489415922
M0269/LH185	10.5923603351949	14.0925069581929	12.7930334740365	NA	NA	NA	14.3184447248303	13.955962385496	14.9710244216765	NA	16.8000000275018	NA	16.1652147935174	17.2366982933572	NA	NA	NA	19.3759929802579	NA	NA	27.5303900781906	NA
M0272/LH185	NA	NA	NA	NA	NA	NA	17.2684447248303	NA	15.6316673959246	NA	NA	NA	17.1152147935174	18.6975063606484	NA	NA	NA	20.6259929802579	NA	NA	27.0803900781906	NA
M0287/LH185	11.5764218386348	NA	13.9031987879646	NA	13.6577173507184	14.1	15.0684447248303	12.9440376145037	14.9316673959246	15.2119076706801	NA	NA	16.9152147935174	18.2475063606484	NA	NA	19.8602510203504	19.9259929802579	NA	22.4233797439832	26.4803900781906	29.7711140838258
M0296/LH185	10.8447702266544	13.9864736383448	18.3580902857986	NA	NA	NA	13.7184447248303	NA	16.6816673959246	NA	NA	NA	17.5152147935174	18.3975063606484	NA	18.1173998848914	NA	19.9259929802579	NA	NA	27.2803900781906	NA
M0297/LH185	NA	NA	NA	NA	NA	NA	13.8684447248303	NA	15.0816673959246	NA	NA	NA	16.6152147935174	19.2975063606484	NA	NA	NA	19.8259929802579	NA	NA	26.0803900781906	NA
M0311/LH185	NA	NA	13.0517026923621	14.9657248347061	NA	NA	14.0684447248303	NA	15.9816673959246	NA	NA	NA	17.6652147935174	18.2975063606484	NA	19.9173998653159	NA	20.5759929802579	NA	NA	25.3520289214709	NA
M0317/LH185	NA	NA	NA	NA	NA	NA	16.0184447248303	NA	16.8816673959246	NA	NA	NA	19.2152147935174	18.7975063606484	NA	NA	NA	20.6240812698146	NA	NA	28.6303900781906	NA
M0323/LH185	9.70212762722885	13.7801601459547	13.4631640801653	14.884995575289	14.1484122613137	13.9	14.4184447248303	15.4440376145037	15.6816673959246	16.6780705076722	17.4000000275018	NA	17.6652147935174	19.2475063606484	NA	18.2173997968017	20.8873551686148	21.3759929802579	NA	NA	26.4303900781906	NA
M0325/LH185	NA	NA	NA	NA	NA	NA	14.7684447248303	NA	16.5316673959246	16.5978394953045	NA	NA	18.7152147935174	18.3975063606484	13.4727540199127	NA	21.2655204739551	22.3259929802579	NA	NA	27.5303900781906	36.3044724224518
M0326/LH185	NA	NA	NA	NA	NA	NA	NA	NA	NA	NA	15.9999999724982	16.4484298252758	NA	NA	NA	NA	19.4873551686148	NA	NA	22.246633935876	NA	29.9559569113826
M0346/LH185	NA	13.5864736383448	NA	14.3429691128523	NA	NA	13.7684447248303	NA	15.4816673959246	NA	NA	NA	16.8652147935174	18.7475063606484	NA	18.3825999932575	NA	20.9759929802579	NA	NA	27.3803900781906	NA
M0352/LH185	NA	NA	NA	NA	NA	NA	13.5184447248303	NA	15.8316673959246	NA	NA	NA	16.9652147935174	18.4975063606484	NA	NA	NA	20.7259929802579	NA	NA	26.6803900781906	NA
M0355/LH185	NA	NA	NA	NA	NA	NA	14.2684447248303	NA	15.4316673959246	NA	NA	NA	16.2652147935174	17.1366982933571	NA	NA	NA	20.2259929802579	NA	NA	26.4803900781906	NA
M0369/LH185	NA	NA	NA	NA	NA	NA	14.4184447248303	NA	16.4316673959246	NA	NA	NA	17.6652147935174	19.2975063606484	NA	NA	NA	21.9759929802579	NA	NA	29.3803900781906	NA
M0378/LH185	NA	NA	NA	NA	NA	NA	14.8684447248303	NA	14.3316673959246	NA	NA	NA	15.3152147935174	17.2366982933571	NA	NA	NA	18.1259929802579	NA	NA	25.2303900781906	NA
MO44_LH145_0127/LH185	NA	NA	NA	15.1396255662188	NA	13.5	13.3435647239571	14.3440376145037	15.0662183045642	NA	NA	15.5515701747242	15.9073752407546	NA	15.5116410012058	NA	18.5833392402665	NA	18.0883766854789	NA	NA	30.8989766388451
MO44_LH145_0138/LH185	NA	NA	NA	NA	NA	NA	14.0435647239571	NA	15.1662183045642	NA	16.8000000275018	15.7515701747242	16.8073752407546	NA	17.2214165113811	NA	16.9595349575029	NA	17.9883766854789	21.3233797439832	NA	28.8370435347742
MO44_PHG47_0072/LH185	NA	15.3609270804466	NA	NA	NA	NA	13.8435647239571	15.155962385496	15.4162183045642	NA	NA	16.4484298252758	16.3573752407546	NA	NA	NA	19.1873551686148	NA	18.6883766854789	NA	NA	34.2370435347742
MO44_PHW65_0025/LH185	NA	NA	12.7530309255878	NA	15.1227774770766	NA	15.0935647239571	NA	16.1662183045642	16.8119076706801	NA	NA	18.3573752407546	NA	NA	17.8826001705723	NA	NA	20.2883766854789	NA	NA	NA
MO44_PHW65_0035/LH185	NA	16.2784127746124	14.7472241634802	15.4113271330846	NA	16.7	17.2935647239571	18.7440376145037	17.4184075870347	NA	20.7999999724982	NA	19.9573752407546	NA	NA	20.1173998664513	19.6873551686148	NA	20.7490023409939	22.2538887260065	NA	35.3711140838258
MO44_PHW65_0193/LH185	NA	NA	NA	14.0687997938489	NA	14.4	14.4435647239571	NA	16.2162183045642	NA	NA	18.8515701747242	17.7073752407546	NA	NA	NA	NA	NA	20.9383766854789	NA	NA	NA
MOG_LH123HT-199-1-1-1-1-B/LH185	NA	NA	NA	NA	NA	NA	17.7435647239571	NA	17.3662183045642	NA	20.0000000275018	19.0484298252758	20.0573752407546	NA	24.5240915284444	NA	20.5282078594966	NA	22.5490023409939	25.146633935876	NA	33.8559569113826
MOG_LH123HT-200-1-1-1-1-B/LH185	NA	NA	NA	NA	NA	NA	16.0435647239571	NA	16.0662183045642	NA	NA	NA	19.3073752407546	NA	NA	NA	NA	NA	21.4383766854789	NA	NA	NA
MOG_LH145_0162/LH185	NA	14.1309080623328	NA	NA	NA	NA	14.2435647239571	NA	17.0162183045642	NA	NA	NA	17.2073752407546	NA	NA	NA	NA	NA	20.1383766854789	NA	NA	NA
MOG_LH145_0173/LH185	NA	NA	NA	NA	NA	15.9	16.1435647239571	NA	16.4162183045642	NA	NA	NA	18.5573752407546	NA	NA	NA	NA	NA	20.0883766854789	NA	NA	NA
MOG_LH145_0175/LH185	NA	NA	NA	14.2997747008065	15.8549374299591	NA	16.6935647239571	NA	16.0162183045642	17.913699447386	NA	NA	18.9073752407546	NA	NA	NA	NA	NA	20.7156690076605	NA	NA	NA
MOG_MO45-030-1-1-1-1-B/LH185	NA	NA	NA	NA	16.2899020803745	NA	17.7435647239571	NA	16.6162183045642	17.5816947559773	NA	NA	19.8073752407546	NA	NA	20.3173997196351	NA	NA	21.9383766854789	NA	NA	NA
MOG_MO45-074-1-1-1-1-B/LH185	NA	NA	NA	15.2332998757322	NA	NA	16.2435647239571	NA	16.7162183045642	NA	NA	NA	19.6586140938087	NA	NA	NA	NA	NA	21.4383766854789	NA	NA	NA
MOG_MO45-078-1-1-1-1-B/LH185	NA	NA	NA	NA	13.2067510140288	16.8	19.2848388896309	NA	17.0140290220936	18.4780705076722	16.7999999724982	18.3484298252758	NA	NA	NA	21.2173997935391	NA	NA	21.8064997189341	NA	NA	NA
MOG_MO45-128-1-1-1-1-B/LH185	NA	NA	NA	13.3997747008065	15.4762027556055	NA	16.5935647239571	19.055962385496	16.8662183045642	18.3861839037706	NA	NA	19.6573752407546	NA	NA	20.3173997783616	NA	NA	21.1883766854789	NA	NA	NA
MOG_OH43_0071/LH185	NA	15.9215622820193	14.2580902857986	15.6330842318171	NA	14	16.1435647239571	NA	15.8162183045642	NA	NA	NA	20.1573752407546	NA	NA	NA	NA	NA	22.3490023409939	NA	NA	NA
MOG_OH43_0170/LH185	NA	NA	NA	NA	NA	NA	14.3935647239571	14.255962385496	15.7662183045642	NA	16.5999999724982	16.9515701747242	16.5561363877005	NA	NA	20.1173997522609	NA	NA	19.7883766854789	NA	NA	28.9088575498232
MOG_OH43_0367/LH185	NA	NA	12.4517026923621	NA	NA	NA	15.6435647239571	16.155962385496	16.0162183045642	NA	18.9999999724982	NA	19.1573752407546	NA	NA	20.2826001868852	NA	NA	23.2383766854789	NA	NA	NA
MOG_PHG83-090-1-1-1-1-B/LH185	NA	NA	NA	NA	NA	16.7	17.6935647239571	17.255962385496	16.7662183045642	NA	NA	21.3515701747242	21.1573752407546	NA	NA	22.9173998664513	NA	NA	23.0883766854789	NA	NA	NA
MOG_PHG83-224-1-1-1-1-B/LH185	NA	NA	NA	NA	15.2669502324417	NA	17.0435647239571	17.755962385496	16.6162183045642	19.2673907525104	NA	NA	22.7573752407546	NA	NA	22.0173997968017	NA	NA	23.2383766854789	NA	NA	NA
PHN11_LH145_0003/LH185	NA	13.4672849381241	14.6031987879646	NA	NA	NA	14.2935647239571	NA	16.6184075870347	NA	NA	17.0515701747242	16.3573752407546	NA	11.9207537900715	NA	17.7833392402665	NA	17.9823356743272	18.9368420715312	NA	26.2113732228321
PHN11_LH145_0028/LH185	NA	NA	12.8870806660723	NA	NA	NA	13.3935647239571	NA	14.8162183045642	NA	NA	NA	16.4573752407546	NA	NA	NA	NA	NA	17.4383766854789	20.2955068636758	NA	NA
PHN11_LH145_0085/LH185	NA	14.5215622820193	16.1125968709393	14.1429691128523	NA	12.7	13.6435647239571	NA	15.2162183045642	NA	15.3999999724982	16.2484298252758	15.5073752407546	NA	17.9802292830123	18.1826002521369	17.761618065878	NA	16.8383766854789	NA	NA	25.8595011704297
PHN11_OH43_0001/LH185	NA	13.785399489179	14.035875114807	13.384995575289	NA	NA	14.4935647239571	13.355962385496	15.3662183045642	NA	NA	NA	17.3073752407546	NA	21.910219148593	18.7826001999356	19.8833392402665	NA	20.5883766854789	NA	NA	30.1595011704297
PHN11_OH43_0036/LH185	NA	17.9925069581929	13.4968366626743	14.1396255662188	NA	13	14.6435647239571	15.655962385496	16.7162183045642	NA	16.3000000275018	NA	17.9073752407546	NA	NA	18.5826000585092	21.3889418227703	NA	20.9064997189341	NA	NA	NA
PHN11_OH43_0075/LH185	NA	14.3784127746124	13.5242508955117	14.7342617986425	NA	13.1	14.3935647239571	NA	16.3162183045642	NA	15.7999999724982	17.0484298252758	16.6573752407546	NA	NA	NA	NA	NA	20.0383766854789	NA	NA	NA
PHN11_OH43_0088/LH185	NA	NA	NA	15.5280503537914	NA	16.1	14.8935647239571	NA	17.0662183045642	NA	19.4999999724982	NA	19.2573752407546	NA	25.4175154172178	19.3825999932575	NA	NA	23.4883766854789	NA	NA	NA
PHN11_OH43_0142/LH185	NA	15.3309080623328	NA	NA	NA	15.4	14.3435647239571	NA	16.6162183045642	NA	17.1000000275018	21.2515701747242	17.5073752407546	NA	NA	NA	NA	NA	21.8383766854789	NA	NA	NA
PHN11_PHG47_0251/LH185	NA	13.6864736383448	NA	14.2396255662188	NA	NA	13.8435647239571	NA	15.5662183045642	NA	NA	16.4484298252758	16.3573752407546	NA	15.5175154172178	NA	18.2904940626355	NA	18.2883766854789	NA	NA	NA
PHN11_PHW65_0275/LH185	NA	NA	NA	15.3798217983468	NA	NA	16.9435647239571	19.055962385496	17.7662183045642	NA	NA	22.7515701747242	21.0073752407546	NA	22.8751406495639	NA	NA	NA	23.6383766854789	NA	NA	NA
PHW65_MOG_0012/LH185	NA	NA	NA	NA	NA	16.3	18.4935647239571	NA	17.8162183045642	NA	NA	NA	22.5073752407546	NA	NA	NA	NA	NA	22.4883766854789	NA	NA	NA
PHW65_MOG_0137/LH185	NA	16.6268621292014	14.0810835934975	16.8396255662188	NA	16.4	17.2935647239571	18.955962385496	18.4662183045642	NA	NA	NA	21.1573752407546	NA	NA	NA	NA	NA	24.2883766854789	NA	NA	NA
PHW65_MOG_0271/LH185	NA	NA	NA	NA	NA	NA	17.2435647239571	NA	16.3162183045642	NA	NA	NA	19.8573752407546	NA	NA	21.7173997522609	NA	NA	21.9883766854789	NA	NA	NA
TX204/LH185	NA	NA	NA	NA	NA	NA	16.4401250518847	NA	NA	NA	NA	NA	19.273713010123	19.6244314399491	NA	NA	NA	NA	NA	NA	29.0950312876457	NA
TX772/LH185	NA	NA	NA	NA	NA	NA	32.2219128965228	NA	NA	NA	NA	NA	24.1862357051052	20.3278708391621	NA	NA	NA	NA	NA	NA	36.3255363822242	NA
W10004_0032/LH185	NA	14.2906834453909	NA	NA	NA	NA	14.6219128965228	15.255962385496	NA	NA	17.2999999724982	18.4515701747242	17.8362357051052	17.9175526415229	NA	NA	NA	NA	NA	NA	25.5255363822242	NA
W10004_0076/LH185	NA	13.7672849381241	14.4304014361718	14.2113271330846	14.3003730585026	13.4	14.0719128965228	NA	NA	15.7100084517965	NA	17.5515701747242	17.6362357051052	18.0278708391621	16.6563372721408	19.0173997522609	NA	NA	NA	21.3112008467324	26.9340210984888	32.7429461755457
W10005_0029/LH185	NA	NA	NA	NA	NA	NA	13.3719128965228	NA	NA	NA	NA	NA	16.1486676201587	20.9381890368014	NA	NA	NA	NA	NA	NA	23.2170516659596	NA
W10005_0037/LH185	NA	NA	NA	NA	NA	NA	14.8219128965228	NA	NA	NA	NA	NA	16.965425066754	17.5278708391621	NA	NA	NA	NA	NA	NA	28.228364620979	NA
W10005_0107/LH185	NA	NA	NA	NA	NA	NA	13.3719128965228	NA	NA	NA	NA	NA	17.2320917334207	17.6577647732824	NA	NA	NA	NA	NA	NA	29.328364620979	NA
W10005_0220/LH185	NA	NA	NA	NA	NA	NA	16.4719128965228	NA	NA	NA	NA	NA	18.6486676201587	20.8381890368014	NA	NA	NA	NA	NA	NA	27.8170516659596	NA
Z013E0002/LH185	NA	14.5609270804466	NA	NA	NA	NA	18.0215220600265	NA	17.1751031515144	NA	NA	NA	21.3890829509748	19.5512062978932	NA	20.8825999932575	NA	NA	NA	NA	NA	NA
Z013E0006/LH185	NA	14.977563345006	NA	14.8396255662188	NA	NA	18.1215220600265	NA	17.3751031515144	NA	NA	NA	21.5390829509748	19.8012062978932	NA	20.9826003728524	NA	NA	NA	NA	NA	NA
Z013E0007/LH185	NA	NA	NA	NA	15.4577173507184	NA	19.5215220600265	NA	17.3251031515144	18.7026288408644	NA	NA	22.7390829509748	19.4909704357492	NA	21.117399865316	NA	NA	NA	NA	NA	NA
Z013E0014/LH185	16.7634017488294	NA	NA	NA	NA	NA	19.0715220600265	NA	16.8751031515144	NA	NA	NA	21.6710040526993	19.5012062978932	NA	NA	NA	NA	NA	NA	NA	NA
Z013E0026/LH185	NA	NA	NA	14.9687997938489	NA	NA	20.0715220600265	19.5440376145037	18.1251031515144	NA	NA	NA	22.7890829509748	20.3012062978932	NA	21.5826001705723	NA	NA	NA	NA	NA	NA
Z013E0028/LH185	15.5764218386348	NA	16.7631640801653	16.525421840761	NA	NA	19.8715220600265	20.0440376145037	18.1751031515144	NA	NA	NA	23.0163899848829	20.6512062978932	NA	21.9826000585092	NA	NA	NA	NA	NA	NA
Z013E0032/LH185	NA	NA	NA	NA	NA	NA	19.6715220600265	NA	18.3251031515144	NA	NA	NA	21.6071618492503	20.9512062978932	NA	NA	NA	NA	NA	NA	NA	NA
Z013E0034/LH185	NA	NA	16.3052424343805	NA	NA	NA	15.6715220600265	NA	17.8251031515144	NA	NA	NA	21.9390829509748	21.1114421600373	NA	20.6826003728524	NA	NA	NA	NA	NA	NA
Z013E0046/LH185	NA	NA	NA	NA	16.1313981666707	NA	20.8215220600265	NA	18.8751031515144	20.9062821600955	NA	NA	23.2390829509748	24.3012062978932	NA	NA	NA	NA	NA	NA	NA	NA
Z013E0052/LH185	NA	15.477563345006	NA	17.9798217983469	NA	NA	21.6215220600265	NA	19.3751031515144	NA	NA	NA	24.5390829509748	21.6012062978932	NA	NA	NA	NA	NA	NA	NA	NA
Z013E0055/LH185	13.8621530122428	NA	17.8522077767379	NA	NA	18.7	17.4715220600265	18.6440376145037	17.8751031515144	NA	NA	NA	21.6390829509748	21.9512062978932	NA	22.2173997968017	NA	NA	NA	NA	NA	NA
Z013E0059/LH185	NA	14.4157196047435	NA	13.7997747008065	NA	18	19.2715220600265	17.8440376145037	18.1751031515144	NA	NA	NA	22.4890829509748	20.6012062978932	NA	NA	NA	NA	NA	NA	NA	NA
Z013E0063/LH185	NA	NA	NA	NA	NA	NA	19.0215220600265	18.055962385496	17.2251031515144	NA	NA	NA	20.7890829509748	19.3512062978932	NA	21.7826002151131	NA	NA	NA	NA	NA	NA
Z013E0067/LH185	NA	NA	NA	NA	NA	16	16.7715220600265	NA	17.7751031515144	NA	NA	NA	21.4890829509748	19.7512062978932	NA	20.2173997783616	NA	NA	NA	NA	NA	NA
Z013E0072/LH185	13.9462395931753	NA	NA	NA	NA	NA	18.1215220600265	NA	18.6257156760646	NA	NA	NA	21.7890829509748	19.4512062978932	NA	NA	NA	NA	NA	NA	NA	NA
Z013E0078/LH185	NA	14.4906834453909	15.8031987879646	NA	NA	NA	18.9215220600265	NA	18.5251031515144	NA	NA	NA	20.3163899848829	20.8012062978932	NA	22.3173998620534	NA	NA	NA	NA	NA	NA
Z013E0080/LH185	NA	16.3395536069229	NA	NA	NA	NA	19.1215220600265	NA	17.8251031515144	NA	NA	NA	22.2497233182163	20.1012062978932	NA	NA	NA	NA	NA	NA	NA	NA
Z013E0082/LH185	NA	NA	NA	NA	NA	21	19.8215220600265	18.8440376145037	18.4751031515144	NA	NA	NA	23.5390829509748	19.8512062978932	NA	22.3173997783616	NA	NA	NA	NA	NA	NA
Z013E0087/LH185	NA	NA	NA	NA	NA	NA	15.5715220600265	NA	18.2251031515144	NA	NA	NA	21.0390829509748	22.1512062978932	NA	NA	NA	NA	NA	NA	NA	NA
Z013E0090/LH185	NA	15.7307911317408	NA	16.2243813727559	NA	NA	19.3715220600265	NA	16.5751031515144	NA	NA	NA	22.9890829509748	21.2012062978932	NA	NA	NA	NA	NA	NA	NA	NA
Z013E0093/LH185	NA	NA	NA	NA	NA	18.3	15.5215220600265	20.755962385496	18.7751031515144	NA	NA	NA	23.2390829509748	21.1012062978932	NA	NA	NA	NA	NA	NA	NA	NA
Z022E0003/LH185	NA	13.9215622820193	NA	NA	NA	NA	15.3601513912059	NA	15.3391823946835	NA	NA	NA	17.9434382580652	20.0000000000061	NA	19.5173997522609	NA	NA	NA	NA	30.0578362422851	NA
Z022E0005/LH185	NA	NA	NA	13.325421840761	16.6227774770766	NA	16.1101513912059	NA	15.5391823946835	16.4780705076722	NA	NA	17.6934382580652	18.7500000000061	NA	19.7173997196351	NA	NA	NA	NA	28.2578362422851	NA
Z022E0006/LH185	NA	NA	NA	NA	NA	NA	14.7601513912059	NA	17.0891823946835	NA	NA	NA	17.3434382580652	19.3500000000061	NA	NA	NA	NA	NA	NA	29.1502426728752	NA
Z022E0008/LH185	NA	NA	NA	NA	NA	16.8	16.1601513912059	16.755962385496	16.8891823946835	NA	NA	NA	18.6934382580652	18.6632814632737	NA	18.6826003728524	NA	NA	NA	NA	30.3078362422851	NA
Z022E0009/LH185	NA	NA	NA	NA	12.8067510140288	17.2	15.4601513912059	NA	16.2391823946835	16.8696243589365	NA	NA	19.4434382580652	18.8367185367385	NA	NA	NA	NA	NA	NA	28.8078362422851	NA
Z022E0017/LH185	NA	13.9268621292014	NA	13.8113271330846	15.9067510140288	NA	14.1601513912059	NA	15.1391823946835	16.3075552163079	15.8000000275018	15.5515701747242	17.5934382580652	18.7000000000061	NA	18.4826000585092	NA	NA	NA	NA	27.357836242285	NA
Z022E0023/LH185	NA	14.0316402851824	NA	NA	NA	15.6	16.3601513912059	16.355962385496	17.5391823946835	NA	17.1999999724982	NA	18.5434382580652	18.3500000000061	NA	NA	NA	NA	NA	NA	29.3578362422851	NA
Z022E0025/LH185	NA	NA	NA	NA	12.8899020803745	NA	14.4601513912059	NA	16.3891823946835	17.6075552163079	NA	NA	18.3434382580652	18.7500000000061	NA	NA	NA	NA	NA	NA	28.4578362422851	NA
Z022E0027/LH185	NA	NA	NA	NA	NA	NA	16.4601513912059	NA	15.3391823946835	NA	NA	NA	18.4434382580652	19.6500000000061	NA	NA	NA	NA	NA	NA	27.4502426728752	NA
Z022E0042/LH185	NA	NA	NA	NA	NA	NA	16.8101513912059	NA	16.4891823946835	NA	NA	NA	18.2934382580652	19.7000000000061	NA	NA	NA	NA	NA	NA	29.8078362422851	NA
Z022E0046/LH185	NA	NA	NA	NA	NA	NA	17.7601513912059	NA	17.0891823946835	NA	NA	NA	18.9434382580652	19.5500000000061	NA	NA	NA	NA	NA	NA	28.7078362422851	NA
Z022E0048/LH185	NA	14.1906834453909	16.6940331723364	14.8332998757322	NA	NA	17.8101513912059	NA	17.8891823946835	NA	NA	NA	20.6934382580652	20.3500000000061	NA	NA	NA	NA	NA	NA	29.7578362422851	NA
Z022E0051/LH185	NA	NA	NA	NA	NA	NA	16.1101513912059	NA	16.2391823946835	NA	NA	NA	18.7934382580652	19.4367185367385	NA	NA	NA	NA	NA	NA	28.3078362422851	NA
Z022E0053/LH185	14.1634017488294	NA	14.9530309255878	NA	NA	12.7	15.7101513912059	16.155962385496	16.3391823946835	NA	NA	NA	19.4434382580652	18.6000000000061	NA	NA	NA	NA	NA	NA	30.1578362422851	NA
Z022E0059/LH185	NA	14.9268621292014	NA	NA	NA	16	14.4601513912059	NA	16.6891823946835	NA	NA	17.5484298252758	18.3934382580652	20.6000000000061	NA	19.7826001868852	NA	NA	NA	NA	31.0078362422851	NA
Z022E0073/LH185	NA	13.7306407952494	13.3472241634802	13.7564939172974	15.1050339949604	16.3	16.1101513912059	NA	16.8891823946835	16.5306810164601	16.6999999724982	NA	18.1434382580652	19.3000000000061	NA	NA	NA	NA	NA	NA	27.2078362422851	NA
Z022E0077/LH185	NA	NA	NA	NA	NA	NA	15.0101513912059	NA	15.7891823946835	NA	NA	NA	16.1434382580652	18.1500000000061	NA	NA	NA	NA	NA	NA	26.8078362422851	NA
Z022E0095/LH185	NA	NA	NA	NA	13.4669502324417	14.3	15.4601513912059	NA	17.0391823946835	16.8673907525104	17.6999999724982	NA	18.7934382580652	26.7632814632737	NA	NA	NA	NA	NA	NA	29.9078362422851	NA
Z022E0097/LH185	NA	NA	14.7304014361718	NA	14.1484122613137	14.3	15.9601513912059	15.7440376145037	15.5891823946835	16.9075552163079	NA	18.0484298252758	18.1434382580652	17.9500000000061	NA	19.6173998664513	NA	NA	NA	NA	26.8578362422851	NA
Z022E0105/LH185	10.484204077625	NA	NA	NA	NA	NA	15.9101513912059	NA	16.4391823946835	NA	17.0000000275018	NA	18.1434382580652	NA	NA	19.4173997968017	NA	NA	NA	NA	30.5578362422851	NA
Z022E0108/LH185	NA	NA	NA	NA	14.6472665071018	14	14.0601513912059	NA	15.7891823946835	16.1978394953045	NA	NA	17.0434382580652	18.7500000000061	NA	18.9826002521369	NA	NA	NA	NA	29.357836242285	NA
Z022E0110/LH185	NA	NA	NA	NA	NA	NA	16.3101513912059	NA	16.9391823946835	NA	NA	NA	18.7434382580652	18.2000000000061	NA	NA	NA	NA	NA	NA	29.1078362422851	NA
Z022E0114/LH185	NA	NA	13.7125968709393	NA	NA	NA	15.2101513912059	17.2440376145037	16.1891823946835	NA	17.2000000275018	NA	18.2434382580652	18.9500000000061	NA	NA	NA	NA	NA	NA	29.7078362422851	NA
Z022E0121/LH185	NA	14.4523831569424	NA	15.0615789943948	NA	NA	15.2601513912059	NA	16.0391823946835	NA	15.9999999724982	NA	18.0934382580652	19.5500000000061	NA	NA	NA	NA	NA	22.1955068636758	26.3078362422851	NA
Z022E0123/LH185	NA	NA	NA	NA	NA	15.2	17.0601513912059	18.255962385496	16.4891823946835	NA	22.0000000275018	22.8515701747242	20.2434382580652	20.8500000000061	NA	20.7826001705723	NA	NA	NA	NA	31.7078362422851	NA
Z022E0130/LH185	NA	NA	NA	NA	NA	NA	15.4601513912059	NA	16.4391823946835	NA	NA	NA	17.6434382580652	18.6367185367385	NA	NA	NA	NA	NA	NA	29.0578362422851	NA
Z022E0142/LH185	NA	NA	NA	NA	NA	NA	16.0601513912059	NA	17.0891823946835	NA	NA	NA	19.1434382580652	20.2000000000061	NA	NA	NA	NA	NA	NA	29.8078362422851	NA
Z022E0149/LH185	NA	NA	NA	13.0564939172974	NA	NA	15.5601513912059	13.3440376145037	16.4391823946835	NA	17.0999999724982	16.0484298252758	19.2934382580652	22.1500000000061	NA	NA	NA	NA	NA	NA	27.4578362422851	NA
Z022E0160/LH185	12.1661375177259	14.5609270804466	NA	NA	NA	17.7	18.9101513912059	15.555962385496	17.4391823946835	NA	NA	NA	19.3934382580652	20.5632814632737	NA	NA	NA	NA	NA	NA	30.0578362422851	NA
Z022E0166/LH185	NA	NA	NA	NA	NA	NA	15.4601513912059	NA	16.3391823946835	NA	NA	NA	19.0434382580652	19.4000000000061	NA	NA	NA	NA	NA	NA	27.9078362422851	NA
