line_code	MOH2_14	ONH2_14	ILH1_14	IAH1a_14	NYH2_14	NEH2_14	MNH1_14	WIH1_14
B73_NC230-040-1-1-1-1/LH198	NA	NA	68.0563032724575	68.0014302202498	75.5043608622631	78.0409081856335	NA	84.9764766313357
B73_NC230-041-1-1-1-1/LH198	NA	NA	67.0563032724575	70.7700933321177	75.5043608622631	78.5409081856335	NA	81.9764766313357
B73_NC230-059-1-1-1-1/LH198	NA	NA	70.0563032724575	69.7700933321177	75.0043608622631	78.0409081856335	NA	81.9764766313357
B73_NC230-129-1-1-1-1/LH198	NA	NA	69.3231707506679	68.0014302202498	74.5043608622631	74.9978536555164	NA	80.9764766313357
CG104/LH198	NA	59	60.3481150266485	59.5598417409796	NA	68.9874747462032	70.8073100487977	NA
CGR01/LH198	NA	60	NA	61.5461819818293	NA	72.1988885709266	70.1258545210014	NA
CGR03/LH198	NA	63	65.3481150266485	65.0598417409796	NA	73.9874747462032	73.4665822848995	NA
LH162/LH198	NA	NA	61.6633119203579	62.9785524591539	66.4945489221633	72.1057364081973	NA	NA
LH82/LH198	57.9846768969095	63	64.0498597468062	66.5667918637661	70.0123406568426	72.9528022286984	74.9841031950483	76.4764766313351
M0001/LH198	61.4846768969098	64	68.1540309034803	67.6296603940707	71.0290927539792	77.9991159804	NA	78.0562771999772
M0003/LH198	61.9846768969098	64	68.3121496669233	67.119328846675	72.5290927539792	78.4991159804	77.8211586203986	78.765217450793
M0008/LH198	61.9846768969098	64	68.4492514848792	67.4318825092065	72.0290927539792	73.7580114574981	75.8119633720918	79.5589785154935
M0012/LH198	61.4846768969098	64	65.8121496669233	67.2307014440951	70.0290927539792	73.4991159804	75.3119633720918	78.3089785154935
M0014/LH198	59.9846768969098	63	65.1992514848792	65.9587014748484	69.0290927539792	75.5169069345962	74.8119633720918	77.5589785154935
M0015/LH198	61.9846768969098	64	68.1540309034804	66.619328846675	71.0290927539792	NA	74.8095459012077	79.1034915077297
M0022/LH198	63.4846768969098	65.5	69.3121496669233	69.119328846675	73.5290927539792	75.9999493117017	NA	79.5562771999772
M0024/LH198	61.9846768969098	64	68.6545200578426	66.9574044032812	71.5290927539792	78.9991159804	75.8119633720918	78.0589785154935
M0027/LH198	59.9846768969098	61	64.3121496669233	66.119328846675	70.0290927539792	73.9991159804	NA	76.0562771999772
M0028/LH198	60.9846768969098	64	65.8121496669233	67.119328846675	70.5290927539792	75.4991159804	76.8211586203986	78.765217450793
M0030/LH198	61.4846768969098	64	66.3121496669233	69.119328846675	70.0290927539792	NA	75.8211586203986	77.765217450793
M0033/LH198	61.4846768969098	64	68.1540309034803	69.119328846675	72.0290927539792	73.4991159804	NA	78.5562771999772
M0039/LH198	61.9846768969098	64	65.3121496669233	67.119328846675	72.0290927539792	75.9991159804	75.8327713395895	78.515217450793
M0041/LH198	62.4846768969098	64	67.3121496669233	69.2642693735563	71.0290927539792	75.9999493117017	78.3119633720918	78.8089785154935
M0045/LH198	60.9846768969098	64	66.8121496669233	68.119328846675	70.0290927539792	71.9982826490983	75.4087625143799	78.3089785154935
M0051/LH198	59.9846768969098	63.5	66.8121496669233	67.5194351472541	70.0290927539792	73.9991159804	75.3119633720918	78.0589785154935
M0058/LH198	60.4846768969098	63.5	65.8121496669233	66.119328846675	70.0290927539792	75.9999493117017	NA	76.5562771999772
M0061/LH198	60.9846768969098	63.5	65.8121496669233	67.619328846675	70.0290927539792	73.4991159804	74.8211586203986	77.265217450793
M0062/LH198	61.9846768969098	64	66.3121496669233	66.619328846675	70.5290927539792	73.9991159804	76.8327713395895	78.765217450793
M0077/LH198	63.4846768969098	67	68.3121496669233	70.0142693735563	73.0290927539792	75.4991159804	83.2151642298037	79.9723570027967
M0083/LH198	60.4846768969098	64	65.6981892547376	67.7063606151319	70.0290927539792	71.9982826490983	75.3119633720918	76.5589785154935
M0085/LH198	60.9846768969098	63	68.1540309034803	67.7642693735563	70.0290927539792	71.9999493117017	75.2151642298037	77.9723570027967
M0087/LH198	58.4846768969098	63	63.8121496669233	65.4807014440951	68.5290927539792	72.4991159804	73.1522326945911	76.1973715775319
M0101/LH198	62.4846768969098	64	66.3121496669233	66.119328846675	70.5290927539792	74.9991159804	75.3211586203986	78.265217450793
M0106/LH198	60.9846768969098	64	67.8121496669233	66.6296603940707	71.0290927539792	NA	NA	77.5562771999772
M0114/LH198	60.9846768969098	64	67.1540309034803	67.619328846675	71.5290927539792	73.4991159804	NA	78.5562771999772
M0118/LH198	60.4846768969098	64.5	67.4696511792878	68.8505723676296	71.2893884480248	71.9991159804	76.3119633720918	79.1655809747066
M0143/LH198	60.4846768969098	65	67.8121496669233	68.5142693735563	72.0290927539792	75.4991159804	76.3119633720918	79.5589785154935
M0151/LH198	60.4846768969098	63.5	60.1540309034803	67.7642693735563	70.0290927539792	78.4991159804	75.8165609962452	77.1973715775319
M0154/LH198	59.4846768969098	63	65.8121496669233	65.7307014440951	69.9010113392995	74.4991159804	75.3119633720918	77.0589785154935
M0172/LH198	61.4846768969098	63.5	65.8121496669233	66.119328846675	70.5290927539792	73.9999493117017	76.3119633720918	76.8089785154935
M0186/LH198	61.9846768969098	64	64.3121496669233	67.5142693735563	69.5290927539792	73.9991159804	75.3119633720918	78.5589785154935
M0262/LH198	60.9846768969098	64	65.8121496669233	67.9807014440951	70.5290927539792	72.9991159804	76.8165609962452	78.8640382441986
M0266/LH198	61.9846768969098	64	67.2667051635849	67.7920348081817	71.5290927539792	77.9339813346026	76.3119633720918	78.8089785154935
M0269/LH198	61.4846768969098	64	66.3121496669233	68.2606018752096	72.0290927539792	73.9991159804	76.4087625143799	79.5589785154935
M0272/LH198	61.9846768969098	64	64.8121496669233	68.119328846675	70.5290927539792	75.9982826490983	75.8095459012077	78.5562771999772
M0276/LH198	61.9846768969098	64	67.3121496669233	67.119328846675	69.5290927539792	71.9999493117017	NA	78.5562771999772
M0287/LH198	62.9846768969098	65	70.8121496669233	69.0142693735563	74.0290927539792	74.9991159804	79.3119633720918	80.0589785154935
M0296/LH198	62.4846768969098	65.5	68.3121496669233	67.119328846675	72.5290927539792	75.4991159804	77.3119633720918	78.8089785154935
M0297/LH198	62.9846768969098	65.5	69.1540309034803	68.9807014440951	73.0290927539792	73.4991159804	78.4855660279244	79.9972618683913
M0309/LH198	60.4846768969098	64	NA	67.1584214876674	70.5290927539792	74.9982826490983	75.3211586203986	77.765217450793
M0311/LH198	62.8062315580611	64	66.3121496669233	67.1046028257004	71.5290927539792	77.9982826490983	75.8119633720918	78.8089785154935
M0317/LH198	61.9846768969098	64	67.8121496669233	69.0142693735563	72.5290927539792	71.9991159804	77.2151642298037	78.0589785154935
M0323/LH198	60.9846768969098	64	66.3121496669233	68.7642693735563	71.0290927539792	73.780748220917	75.5202457066048	78.1791216663519
M0325/LH198	61.9846768969098	64	67.8121496669233	67.7307014440951	73.0290927539792	74.9982826490983	76.2151642298037	79.30569033613
M0326/LH198	62.9846768969098	65.5	67.4045200578426	68.1144341960782	71.5290927539792	73.9991159804	76.4087625143799	80.0589785154935
M0346/LH198	60.4846768969098	64	67.3121496669233	67.2642693735563	70.0290927539792	74.9999493117017	75.3119633720918	79.0589785154935
M0354/LH198	61.4846768969098	64.5	66.3121496669233	69.0142693735563	70.0290927539792	74.0824582460445	76.4087625143799	79.3089785154935
M0365/LH198	61.4846768969098	66	67.3121496669233	67.119328846675	72.5290927539792	73.9991159804	NA	78.5562771999772
M0369/LH198	61.4846768969098	64	65.3121496669233	66.6296603940707	71.0290927539792	77.4991159804	NA	78.0562771999772
MO44_LH145_0127/LH198	NA	NA	63.2066044897732	63.7452091829605	68.0043608622631	71.0409081856335	NA	72.9764766313357
MO44_LH145_0138/LH198	NA	NA	65.4566044897732	65.0785425162939	69.5043608622631	72.0839627157506	NA	77.4764766313357
MO44_LH145_0143/LH198	NA	NA	64.3231707506679	65.5014302202498	69.0043608622631	73.0409081856335	NA	77.4764766313357
MO44_PHG47_0072/LH198	NA	NA	63.8231707506679	66.0014302202498	70.0043608622631	73.0409081856335	NA	77.4764766313357
MO44_PHG47_0125/LH198	NA	NA	62.8231707506679	63.7700933321177	67.5043608622631	72.5409081856335	NA	74.4764766313356
MO44_PHW65_0025/LH198	NA	NA	63.8231707506679	68.0014302202498	70.0043608622631	74.0409081856335	NA	77.812341136309
MO44_PHW65_0035/LH198	NA	NA	68.3231707506679	67.5014302202498	72.5043608622631	72.0839627157506	NA	76.9764766313357
MO44_PHW65_0075/LH198	NA	NA	64.3231707506679	65.0014302202498	69.5043608622631	NA	NA	77.4764766313357
MO44_PHW65_0126/LH198	NA	NA	65.3231707506679	66.5014302202498	70.0043608622631	72.0839627157506	NA	77.4764766313357
MO44_PHW65_0193/LH198	NA	NA	64.3231707506679	63.7700933321177	68.5043608622631	74.0409081856335	NA	75.9764766313357
MOG_LH123HT-014-1-1-1-1-B/LH198	NA	NA	67.3231707506679	67.0014302202498	72.0043608622631	77.9978536555164	NA	78.4764766313357
MOG_LH123HT-031-1-1-1-1-B/LH198	NA	NA	64.8231707506679	67.5014302202498	72.5043608622631	73.0409081856335	NA	77.9764766313357
MOG_LH123HT-045-1-1-1-1-B/LH198	NA	NA	68.3231707506679	67.0014302202498	74.0043608622631	80.0839627157506	NA	80.9764766313356
MOG_LH145_0038/LH198	NA	NA	64.8231707506679	65.0014302202498	70.0043608622631	76.0839627157506	NA	74.9764766313357
MOG_LH145_0057/LH198	NA	NA	65.3231707506679	66.5014302202498	71.0043608622631	72.0409081856335	NA	79.9764766313357
MOG_LH145_0162/LH198	NA	NA	64.3231707506679	66.0014302202498	70.0043608622631	75.5409081856335	NA	77.9764766313357
MOG_LH145_0173/LH198	NA	NA	65.8231707506679	65.0014302202498	69.0043608622631	73.0409081856335	NA	78.4764766313357
MOG_LH145_0175/LH198	NA	NA	65.8231707506679	68.7700933321177	70.5043608622631	72.5409081856335	NA	78.4764766313357
MOG_MO45-030-1-1-1-1-B/LH198	NA	NA	64.0563032724575	67.5014302202498	71.0043608622631	73.9978536555164	NA	77.4764766313357
MOG_MO45-071-1-1-1-1-B/LH198	NA	NA	66.8231707506679	68.0014302202498	73.0043608622631	74.5409081856335	NA	79.4764766313357
MOG_MO45-074-1-1-1-1-B/LH198	NA	NA	68.8231707506679	68.7700933321177	73.5043608622631	75.0839627157506	NA	79.4764766313357
MOG_MO45-085-1-1-1-1-B/LH198	NA	NA	65.8231707506679	68.0014302202498	70.5043608622631	74.0839627157506	NA	77.9764766313357
MOG_MO45-128-1-1-1-1-B/LH198	NA	NA	65.8231707506679	68.0014302202498	71.0043608622631	72.0839627157506	NA	78.4764766313357
MOG_NC230-011-1-1-1-1-B/LH198	NA	NA	65.8231707506679	66.0014302202498	71.5043608622631	72.0409081856335	NA	78.9764766313357
MOG_NC230-183-1-1-1-1-B/LH198	NA	NA	68.8231707506679	68.0014302202498	72.5043608622631	72.0409081856335	NA	80.812341136309
MOG_OH43_0170/LH198	NA	NA	64.3231707506679	64.5014302202498	69.0043608622631	72.0839627157506	NA	75.812341136309
MOG_OH43_0367/LH198	NA	NA	64.3231707506679	64.5014302202498	68.0043608622631	73.0409081856335	NA	78.812341136309
MOG_OH43_0439/LH198	NA	NA	64.8231707506679	66.5014302202498	69.0043608622631	72.0839627157506	NA	75.9764766313357
MOG_PHG83-090-1-1-1-1-B/LH198	NA	NA	67.3231707506679	67.0014302202498	72.5043608622631	76.0839627157506	NA	79.4764766313357
MOG_PHG83-224-1-1-1-1-B/LH198	NA	NA	65.3231707506679	66.5014302202498	70.5043608622631	76.0409081856335	NA	76.4764766313357
PHN11_LH145_0003/LH198	NA	NA	63.3231707506679	64.0014302202498	68.0043608622631	70.0409081856335	NA	72.9764766313357
PHN11_LH145_0005/LH198	NA	NA	62.8231707506679	63.7700933321177	68.5043608622631	70.0409081856335	NA	72.812341136309
PHN11_LH145_0028/LH198	NA	NA	62.8231707506679	63.5014302202498	67.0043608622631	70.0409081856335	NA	72.4764766313356
PHN11_LH145_0062/LH198	NA	NA	63.8231707506679	64.0014302202498	67.0043608622631	72.0409081856335	NA	72.9764766313357
PHN11_LH145_0085/LH198	NA	NA	62.3231707506679	64.5014302202498	68.5043608622631	76.0839627157506	NA	74.9764766313357
PHN11_OH43_0001/LH198	NA	NA	64.8231707506679	64.5014302202498	68.0043608622631	72.5409081856335	NA	74.4764766313357
PHN11_OH43_0036/LH198	NA	NA	64.0563032724575	63.7700933321177	68.5043608622631	74.0409081856335	NA	74.812341136309
PHN11_OH43_0075/LH198	NA	NA	64.3231707506679	65.5014302202498	68.5043608622631	72.0409081856335	NA	77.4764766313357
PHN11_OH43_0088/LH198	NA	NA	62.8231707506679	65.0014302202498	69.0043608622631	75.5409081856335	NA	77.4764766313357
PHN11_OH43_0142/LH198	NA	NA	67.8231707506679	65.0014302202498	69.0043608622631	75.5409081856335	NA	74.9764766313357
PHN11_OH43_0184/LH198	NA	NA	62.8231707506679	64.5014302202498	67.0043608622631	70.0839627157506	NA	73.9764766313357
PHN11_PHG47_0048/LH198	NA	NA	66.8231707506679	66.0014302202498	71.0043608622631	72.9978536555164	NA	76.9764766313357
PHN11_PHG47_0172/LH198	NA	NA	63.8231707506679	64.5014302202498	69.5043608622631	72.0839627157506	NA	75.9764766313357
PHN11_PHG47_0251/LH198	NA	NA	62.8231707506679	65.7700933321177	69.5043608622631	73.0409081856335	NA	74.4764766313357
PHN11_PHG47_0388/LH198	NA	NA	64.3231707506679	65.0014302202498	68.5043608622631	72.0409081856335	NA	77.4764766313357
PHN11_PHG47_0390/LH198	NA	NA	65.3231707506679	64.5014302202498	69.5043608622631	72.0839627157506	NA	76.4764766313357
PHN11_PHW65_0015/LH198	NA	NA	63.8231707506679	64.5014302202498	68.5043608622631	72.0409081856335	NA	78.4764766313357
PHN11_PHW65_0275/LH198	NA	NA	64.8231707506679	66.5014302202498	71.5043608622631	72.0409081856335	NA	78.4764766313357
PHN11_PHW65_0294/LH198	NA	NA	64.8231707506679	67.0014302202498	69.5043608622631	73.0409081856335	NA	78.4764766313357
PHN11_PHW65_0312/LH198	NA	NA	66.3231707506679	66.5014302202498	69.0043608622631	73.5409081856335	NA	74.9764766313357
PHN11_PHW65_0328/LH198	NA	NA	63.8231707506679	66.0014302202498	72.0043608622631	72.0409081856335	NA	79.4764766313357
PHN11_PHW65_0359/LH198	NA	NA	65.3231707506679	67.5014302202498	71.0043608622631	72.0839627157506	NA	78.4764766313357
PHW65_MOG_0137/LH198	NA	NA	66.3231707506679	67.0014302202498	71.0043608622631	75.0409081856335	NA	76.9764766313357
PHW65_MOG_0176/LH198	NA	NA	64.3231707506679	65.5014302202498	68.5043608622631	75.5409081856335	NA	76.4764766313357
PHW65_MOG_0293/LH198	NA	NA	64.8231707506679	67.0014302202498	71.0043608622631	72.0839627157506	NA	76.9764766313357
PHW65_MOG_0511/LH198	NA	NA	63.3231707506679	64.0014302202498	67.5043608622631	72.0409081856335	NA	74.4764766313357
TX303/LH198	NA	NA	66.6633119203579	69.4785524591539	73.9009011633749	72.1057364081973	NA	NA
TX714/LH198	NA	NA	69.3966830508252	69.5301690476315	75.9945489221633	74.1057364081973	NA	NA
TX772/LH198	NA	NA	66.6633119203579	66.1624246553131	71.2966663359005	75.1057364081973	NA	NA
W10005_0029/LH198	NA	63	63.5654004160479	63.5598417409796	NA	69.7760609214798	72.1258545210014	NA
W10005_0037/LH198	NA	62.5	64.0654004160479	64.5598417409796	NA	70.9874747462032	73.1258545210014	NA
W10005_0107/LH198	NA	61.5	64.5654004160479	64.0598417409796	NA	72.9874747462032	72.4665822848995	NA
W10005_0147/LH198	NA	62.75	62.6740431107476	63.5598417409796	NA	71.9874747462032	72.3869461668486	NA
W10005_0220/LH198	NA	63.25	64.321943338168	64.1625736928097	NA	70.8817678338415	73.3869461668486	NA
Z013E0006/LH198	NA	NA	67.0863533028351	67.9147015363549	73.0043608622631	75.5169069345962	NA	NA
Z013E0022/LH198	NA	NA	69.086353302835	68.4147015363549	73.0043608622631	78.0169069345962	NA	NA
Z013E0028/LH198	NA	NA	66.5863533028351	68.9147015363549	74.5043608622631	76.0169069345962	NA	NA
Z013E0034/LH198	NA	NA	69.5863533028351	67.4147015363549	74.0043608622631	75.5169069345962	NA	NA
Z013E0046/LH198	NA	NA	68.1758161569082	69.4147015363549	76.0043608622631	80.5169069345962	NA	NA
Z013E0063/LH198	NA	NA	67.0863533028351	67.4147015363549	74.0043608622631	75.1658005116889	NA	NA
Z013E0072/LH198	NA	NA	69.086353302835	67.4147015363549	74.0043608622631	74.8680133575034	NA	NA
Z013E0073/LH198	NA	NA	69.586353302835	68.9147015363549	76.5043608622631	74.5169069345962	NA	NA
Z013E0079/LH198	NA	NA	67.5863533028351	66.4147015363549	72.5043608622631	72.0169069345962	NA	NA
Z013E0087/LH198	NA	NA	68.5863533028351	67.4147015363549	73.0043608622631	76.0169069345962	NA	NA
Z013E0090/LH198	NA	NA	68.0863533028351	66.4147015363549	72.5043608622631	73.5169069345962	NA	NA
Z022E0003/LH198	NA	63.5	64.8418236912337	64.9327249610264	71.1689019851778	73.976109402328	75.3367085028036	81.5199728825532
Z022E0005/LH198	NA	63.3333333333333	67.4703773664225	65.7503428544721	71.5962872191365	71.6082061027049	76.5739035244876	79.9013181685571
Z022E0008/LH198	NA	64	67.8418236912337	66.2959383811107	71.4894409106468	76.976109402328	76.8367085028036	80.0559818470561
Z022E0017/LH198	NA	63	66.3132389476253	64.7959383811107	70.4894409106468	75.6082061027049	75.6251234377514	76.591990811559
Z022E0020/LH198	NA	63.5	65.3132389476253	63.9327249610264	68.9894409106468	73.976109402328	74.3367085028036	74.5559818470561
Z022E0023/LH198	NA	64	66.3132389476253	66.7959383811107	71.4894409106468	74.976109402328	77.3367085028036	78.5559818470561
Z022E0025/LH198	NA	60	64.8132389476253	64.9327249610264	69.4894409106468	75.6082061027049	73.3367085028036	75.0559818470561
Z022E0027/LH198	NA	64	65.8132389476253	66.2959383811107	70.4894409106468	72.976109402328	77.3367085028036	79.5559818470561
Z022E0042/LH198	NA	64	67.8418236912337	67.9327249610264	71.9894409106468	74.476109402328	76.8367085028036	79.0559818470561
Z022E0044/LH198	NA	64	66.8132389476253	66.2959383811107	72.9894409106468	75.476109402328	76.8367085028036	80.0559818470561
Z022E0046/LH198	NA	65	68.8418236912337	65.9327249610264	70.1689019851778	79.6082061027049	75.6251234377514	78.5199728825532
Z022E0048/LH198	NA	64	67.4703773664225	67.0836761878054	70.4894409106468	72.476109402328	75.8367085028036	80.0559818470561
Z022E0050/LH198	NA	62.5	65.3132389476253	64.9327249610264	69.4894409106468	80.3440127019511	75.3367085028036	78.0559818470561
Z022E0053/LH198	NA	63	67.3132389476253	65.2959383811107	70.4894409106468	73.976109402328	75.3367085028036	78.0559818470561
Z022E0059/LH198	NA	65	66.365582108539	66.2959383811107	72.9894409106468	75.976109402328	75.1227355085918	78.68741245032
Z022E0072/LH198	NA	63.5	64.3132389476253	62.7959383811107	67.4894409106468	74.476109402328	74.8367085028036	74.0559818470561
Z022E0073/LH198	NA	62.5	67.4703773664225	65.0836761878054	71.9894409106468	76.476109402328	76.3367085028036	79.5559818470561
Z022E0077/LH198	NA	64	65.8132389476253	66.2959383811107	69.9894409106468	NA	74.3367085028036	77.5559818470561
Z022E0079/LH198	NA	64	66.3132389476253	66.7959383811107	70.4894409106468	72.976109402328	75.3367085028036	80.5559818470561
Z022E0095/LH198	NA	63	65.8418236912337	65.9327249610264	69.4894409106468	75.476109402328	76.8367085028036	80.0559818470561
Z022E0097/LH198	NA	65	67.8132389476253	65.7959383811107	72.9894409106468	71.976109402328	76.3367085028036	79.0559818470561
Z022E0105/LH198	NA	64.5	67.3132389476253	66.7959383811107	71.4894409106468	73.976109402328	76.3367085028036	80.0559818470561
Z022E0108/LH198	NA	64	68.8132389476253	65.9327249610264	71.4894409106468	74.976109402328	75.3367085028036	81.0559818470561
Z022E0110/LH198	NA	63.5	65.8132389476253	65.9327249610264	69.4894409106468	75.476109402328	74.8367085028036	78.5559818470561
Z022E0114/LH198	NA	64	66.8132389476253	66.2959383811107	72.9894409106468	76.3440127019511	77.8367085028036	80.0559818470561
Z022E0123/LH198	NA	62	64.3132389476253	65.2959383811107	69.9894409106468	71.6082061027049	74.3367085028036	77.5559818470561
Z022E0134/LH198	NA	64	66.8132389476253	67.7959383811107	71.9894409106468	73.476109402328	75.8367085028036	78.5559818470561
Z022E0142/LH198	NA	64	65.8132389476253	66.7959383811107	71.4894409106468	75.976109402328	76.3367085028036	79.5559818470561
Z022E0160/LH198	NA	63.5	66.3132389476253	66.2959383811107	73.4894409106468	74.476109402328	76.3367085028036	78.5559818470561
Z022E0166/LH198	NA	63	66.3132389476253	65.2959383811107	71.9894409106468	76.476109402328	74.3367085028036	77.0559818470561
