line_code	MOH2_14	NEH3_14	NEH2_14	ILH1_14	IAH3_14	IAH2_14	NYH1_14	WIH1_14	NYH2_14	MNH1_14	ONH2_14
B73_NC230-040-1-1-1-1/LH198	NA	20.099571609023	20.1500000000001	19.8760110354253	23.6075551544391	23.9985009598346	NA	30.1607925668918	27.2267580263279	NA	NA
B73_NC230-041-1-1-1-1/LH198	NA	19.099571609023	21.8000000000001	19.8760110354253	21.9679728241458	21.4485009598346	NA	27.3107925668919	30.0767580263279	NA	NA
B73_NC230-059-1-1-1-1/LH198	NA	19.699571609023	20.8500000000001	22.2760110354253	24.6575551544391	23.8985009598346	NA	31.1107925668919	31.2267580263279	NA	NA
B73_NC230-129-1-1-1-1/LH198	NA	11.2699517688938	20.9666482586584	21.6277172549189	26.6575551544391	25.4985009598346	NA	32.2607925668919	33.9762434037691	NA	NA
CG104/LH198	NA	16.9189688676099	16.2000000000001	15.7995245145046	NA	16.2946065038285	NA	NA	NA	21.2944902218461	23.4664279700859
CGR01/LH198	NA	16.2729688862604	17.9666482586584	NA	NA	NA	NA	NA	NA	23.8677422098676	24.6265648447835
CGR03/LH198	NA	15.6689688676099	16.0500000000001	16.2995245145046	NA	17.960493281161	NA	NA	NA	24.8811162158569	25.2164279700859
LH162/LH198	NA	14.9507652721149	14.8666482586584	15.6754402319816	NA	18.3418161572141	17.5876019231958	NA	20.6698809734152	NA	NA
LH82/LH198	11.7520425255387	15.2328012270655	17.2000000000001	14.7351224527301	16.8866331883008	19.6603388653211	17.8293813155378	17.7901951249694	19.394483754432	24.0624630058094	25.4975735337926
M0001/LH198	12.6601896391153	16.4449355408486	15.9500000000001	17.8315041864229	18.536877288687	18.8196462341195	NA	19.7863294962596	23.6455468818991	NA	27.1320312751721
M0003/LH198	13.2101896391153	19.0449355408486	17.1500000000001	17.7618839948189	19.8667363859887	21.0196462341195	21.156040812331	23.4020312094702	24.4955468818991	28.395184892646	30.6320312751721
M0008/LH198	13.0601896391153	17.8483277161303	18.2000000000001	18.7488437870625	20.1240321796683	21.1785568273047	22.6441735440084	21.9065650097062	27.2955468818991	26.1864467588626	29.1820312751721
M0012/LH198	12.3601896391153	17.9265967758475	19.8000000000001	19.5618839948189	19.8667363859887	20.9696462341195	20.2441735440084	21.2815650097062	24.3455468818991	28.7364467588626	29.3820312751721
M0014/LH198	12.7101896391153	19.2483277161303	18.7000000000001	17.8988437870625	20.3990321796683	20.4439367809893	21.8441735440084	22.3815650097062	23.9955468818991	26.9864467588626	29.5320312751721
M0015/LH198	12.7101896391153	18.8949355408486	NA	18.2618839948189	20.7667363859887	20.9196462341195	NA	22.7717218111563	29.2955468818991	29.0185362464913	31.6820312751721
M0022/LH198	12.7101896391153	18.1949355408486	17.6333517413418	17.9618839948189	18.8667363859887	20.8696462341195	NA	22.1863294962596	26.5955468818991	NA	29.0820312751721
M0024/LH198	12.8101896391153	17.9949355408486	16.4000000000001	16.8903054878064	17.6016327914183	18.610603447656	NA	20.0315650097062	21.8455468818991	27.3864467588626	26.1820312751721
M0027/LH198	12.7601896391153	16.5949355408486	18.2500000000001	17.2618839948189	18.5667363859887	20.2196462341195	NA	20.0363294962596	24.1955468818991	NA	27.4320312751721
M0028/LH198	12.3601896391153	17.5449355408486	17.0000000000001	16.4618839948189	19.2167363859887	18.2196462341195	NA	21.4770312094702	22.5455468818991	25.645184892646	26.5820312751721
M0030/LH198	12.4601896391153	18.6449355408486	NA	17.6118839948189	19.9167363859887	20.3696462341195	21.0748994392668	20.6520312094702	24.1955468818991	26.645184892646	27.7820312751721
M0033/LH198	12.8101896391153	19.6449355408486	19.2500000000001	18.6315041864229	19.4667363859887	22.0196462341195	NA	22.8863294962596	24.8955468818991	NA	29.0820312751721
M0039/LH198	12.8101896391153	17.6449355408486	16.6500000000001	17.7118839948189	19.2667363859887	19.9696462341195	23.556040812331	21.9770312094702	26.4455468818991	27.1718335388007	28.1820312751721
M0041/LH198	12.7101896391153	15.9449355408486	16.7333517413418	16.8118839948189	18.6667363859887	18.9196462341195	21.2616369751508	21.4815650097062	21.5955468818991	27.2364467588626	25.9820312751721
M0045/LH198	12.4601896391153	19.7449355408486	21.9666482586584	21.7618839948189	22.2167363859887	23.2196462341195	23.0941735440084	23.6815650097062	29.3955468818991	28.0624493642043	32.0320312751721
M0051/LH198	12.4101896391153	16.4449355408486	15.8500000000001	17.8618839948189	18.1167363859887	19.0196462341195	20.2941735440084	20.2065650097062	21.8455468818991	25.2364467588626	25.4320312751721
M0058/LH198	12.9601896391153	15.3449355408486	19.3333517413418	18.8618839948189	20.2667363859887	20.8196462341195	NA	21.9363294962596	25.9455468818991	NA	29.0320312751721
M0061/LH198	12.6101896391153	18.2449355408486	17.6000000000001	17.6618839948189	20.5667363859887	19.5196462341195	21.256040812331	21.5770312094702	25.6455468818991	25.795184892646	30.4320312751721
M0062/LH198	12.3601896391153	17.1449355408486	16.4500000000001	17.9118839948189	19.0667363859887	19.5196462341195	NA	20.7520312094702	25.7455468818991	28.9718335388007	28.1820312751721
M0077/LH198	12.9601896391153	17.5949355408486	18.6500000000001	17.9618839948189	20.8167363859887	21.5696462341195	22.8616369751508	26.7567933787766	29.1955468818991	29.3104441535209	31.8320312751721
M0083/LH198	12.6601896391153	16.5949355408486	17.3666482586584	17.1720105976175	19.8433560850892	20.3696462341195	21.0941735440084	20.3815650097062	25.9455468818991	25.8364467588626	26.8820312751721
M0085/LH198	12.2101896391153	16.9949355408486	16.9333517413418	18.9315041864229	17.9167363859887	18.5196462341195	20.3616369751508	21.1567933787766	24.6170894771636	27.6104441535209	25.5820312751721
M0087/LH198	12.4601896391153	17.2949355408486	18.3000000000001	18.1618839948189	19.9667363859887	20.0696462341195	19.8941735440084	20.1602876473644	23.7455468818991	26.814909018842	28.2820312751721
M0101/LH198	12.2601896391153	18.7449355408486	16.7500000000001	18.2618839948189	18.6167363859887	19.3696462341195	20.4248994392668	21.5520312094702	24.3455468818991	25.945184892646	26.2320312751721
M0106/LH198	12.6601896391153	20.2449355408486	NA	18.9118839948189	20.5667363859887	21.3696462341195	NA	22.1863294962596	31.4455468818991	NA	31.1820312751721
M0114/LH198	12.7601896391153	18.5449355408486	18.4000000000001	18.6315041864229	19.4667363859887	20.6196462341195	NA	23.5863294962596	25.1955468818991	NA	27.9820312751721
M0118/LH198	13.0601896391153	17.1949355408487	17.9000000000001	18.6680350327029	19.7278927631048	20.0196462341195	21.4172126582735	21.9442919486622	25.3011432537042	26.1864467588626	26.6820312751721
M0143/LH198	12.9601896391153	17.9449355408486	20.8500000000001	19.4118839948189	20.8167363859887	20.1196462341195	NA	25.2065650097062	27.5455468818991	28.4364467588626	29.8820312751721
M0151/LH198	12.9101896391153	16.9949355408486	17.8500000000001	16.5118839948189	19.8167363859887	19.9611783830473	23.9937580662025	21.7269543140311	25.7955468818991	27.2158158257543	28.3820312751721
M0154/LH198	12.8101896391153	18.2449355408486	18.5000000000001	18.5618839948189	19.5667363859887	21.4696462341195	23.7441735440084	22.0065650097062	27.1740042866345	27.2864467588626	29.5320312751721
M0172/LH198	12.4101896391153	16.3449355408486	20.8333517413418	17.1618839948189	18.7167363859887	18.9696462341195	20.8441735440084	20.0815650097062	24.1955468818991	27.2864467588626	28.6820312751721
M0186/LH198	12.9101896391153	15.9449355408486	16.1000000000001	16.9618839948189	17.7167363859887	19.2696462341195	18.1616369751508	20.1315650097062	21.3955468818991	24.9864467588626	24.2820312751721
M0262/LH198	12.8101896391153	16.6949355408486	17.0000000000001	17.4118839948189	18.6167363859887	19.1696462341195	19.548129300116	21.5436209806977	21.3955468818991	27.7158158257543	25.7820312751721
M0266/LH198	12.5601896391153	16.2733277161303	15.9333517413418	16.625549389152	18.7240321796683	18.3035568273047	21.2441735440084	21.4815650097062	21.0955468818991	26.4364467588626	26.6820312751721
M0269/LH198	12.5601896391153	16.3449355408486	15.1500000000001	17.0118839948189	17.5667363859887	18.2196462341195	18.5941735440084	19.7315650097062	24.5455468818991	24.0624493642043	25.2320312751721
M0272/LH198	12.7601896391153	15.6449355408486	17.7666482586584	17.1618839948189	18.5667363859887	18.4696462341195	NA	19.0863294962596	25.2955468818991	30.8185362464913	27.2320312751721
M0276/LH198	12.5601896391153	16.4449355408486	15.8333517413418	17.3118839948189	18.5667363859887	19.5196462341195	NA	20.1363294962596	22.1955468818991	NA	25.6820312751721
M0287/LH198	12.8101896391153	15.0949355408486	18.1500000000001	18.7618839948189	18.3667363859887	20.1196462341195	21.5941735440084	21.6815650097062	22.6955468818991	26.4364467588626	27.6820312751721
M0296/LH198	12.3601896391153	17.2449355408486	16.6500000000001	18.8618839948189	19.6667363859887	19.5196462341195	25.3441735440084	21.8815650097062	29.0455468818991	28.1364467588626	29.7820312751721
M0297/LH198	12.4101896391153	17.2449355408486	16.5000000000001	17.1618839948189	19.1167363859887	20.2196462341195	20.9595364916376	22.3238438886474	25.6955468818991	26.9815756855086	26.1320312751721
M0309/LH198	12.6601896391153	16.3949355408486	18.2666482586584	NA	18.7682994580849	19.8696462341195	21.7748994392668	20.7520312094702	25.2955468818991	25.395184892646	28.7320312751721
M0311/LH198	12.4251360183274	17.3449355408486	18.1666482586584	18.6118839948189	18.2667363859887	20.2696462341195	19.3941735440084	21.1565650097062	25.3455468818991	27.4864467588626	29.3320312751721
M0317/LH198	13.1601896391153	17.8449355408486	18.0000000000001	18.3618839948189	19.6667363859887	20.8696462341195	23.6941735440084	25.6065650097062	25.5455468818991	29.0864467588626	30.3320312751721
M0323/LH198	12.5601896391153	15.9674965264328	16.2555494195529	17.3618839948189	18.9667363859887	19.9696462341195	21.6616369751508	21.5223383317124	24.2955468818991	26.6150114976084	27.510356686291
M0325/LH198	13.1601896391153	17.9449355408486	19.2666482586584	19.0118839948189	21.5167363859887	20.7696462341195	20.8616369751508	26.0901267121099	26.5455468818991	28.1104441535209	28.6320312751721
M0326/LH198	12.2601896391153	18.5949355408486	17.4000000000001	17.7903054878064	18.5016327914183	19.3093321430511	NA	20.5315650097062	20.4955468818991	28.5624493642043	27.6820312751721
M0346/LH198	12.6101896391153	18.1449355408486	15.9333517413418	17.7618839948189	18.1167363859887	19.2696462341195	19.226710112866	20.4565650097062	22.5455468818991	26.7864467588626	27.4320312751721
M0354/LH198	13.1101896391153	16.5031989387652	17.2333241293293	16.1618839948189	16.8667363859887	18.3196462341195	18.0616369751508	20.0815650097062	19.8170894771636	25.1624493642043	24.8820312751721
M0365/LH198	12.3601896391153	19.2449355408486	17.9000000000001	18.1618839948189	19.4167363859887	19.4696462341195	NA	21.7363294962596	26.6455468818991	NA	26.3820312751721
M0369/LH198	12.8601896391153	18.2949355408486	16.6000000000001	18.8618839948189	19.9167363859887	21.2696462341195	NA	21.9363294962596	25.6170894771636	NA	27.3820312751721
MO44_LH145_0127/LH198	NA	14.499571609023	17.6000000000001	16.6285703646658	17.3874159312035	18.1985009598346	NA	19.2107925668919	19.7767580263278	NA	NA
MO44_LH145_0138/LH198	NA	19.3699517688938	16.8333517413418	17.1785703646658	17.6075551544391	18.5485009598346	NA	20.2107925668919	21.2267580263279	NA	NA
MO44_LH145_0143/LH198	NA	11.1699517688938	20.0500000000001	18.7277172549189	20.1575551544391	21.7485009598346	NA	23.0107925668919	22.6767580263278	NA	NA
MO44_PHG47_0072/LH198	NA	16.399571609023	16.4000000000001	16.9777172549189	18.2075551544391	19.2985009598346	NA	20.8607925668919	23.9267580263278	NA	NA
MO44_PHG47_0125/LH198	NA	16.099571609023	17.0500000000001	17.5777172549189	18.6575551544391	20.9485009598346	NA	23.0607925668919	23.8267580263279	NA	NA
MO44_PHW65_0025/LH198	NA	17.8699517688938	15.6500000000001	17.7777172549189	18.5471374847324	18.7985009598346	NA	20.8107925668919	20.5767580263278	NA	NA
MO44_PHW65_0035/LH198	NA	18.9699517688938	18.7333517413418	18.1277172549189	20.5075551544391	20.8985009598346	NA	24.2607925668919	27.4767580263279	NA	NA
MO44_PHW65_0075/LH198	NA	15.899571609023	NA	17.3777172549189	18.7575551544391	20.0485009598346	NA	22.1107925668918	21.9767580263279	NA	NA
MO44_PHW65_0126/LH198	NA	18.2199517688938	17.4333517413418	17.7277172549189	19.0075551544391	19.5485009598346	NA	21.0607925668919	23.0767580263279	NA	NA
MO44_PHW65_0193/LH198	NA	16.899571609023	19.0500000000001	17.7277172549189	18.4471374847324	19.8985009598346	NA	22.3607925668918	21.5767580263278	NA	NA
MOG_LH123HT-014-1-1-1-1-B/LH198	NA	18.199571609023	19.5000000000001	19.0277172549189	21.5075551544391	21.8485009598346	NA	25.7107925668919	24.4267580263278	NA	NA
MOG_LH123HT-031-1-1-1-1-B/LH198	NA	14.4699517688938	19.2500000000001	19.4277172549189	21.5575551544391	22.5485009598346	NA	25.0607925668919	26.6767580263278	NA	NA
MOG_LH123HT-045-1-1-1-1-B/LH198	NA	19.199571609023	20.4333517413418	20.7777172549189	22.4075551544391	23.6485009598346	NA	27.1607925668919	27.2767580263279	NA	NA
MOG_LH145_0038/LH198	NA	15.799571609023	18.5333517413418	17.2277172549189	18.7575551544391	20.1985009598346	NA	20.6607925668919	23.8267580263279	NA	NA
MOG_LH145_0057/LH198	NA	18.9199517688938	18.4500000000001	17.2277172549189	19.6075551544391	20.3985009598346	NA	23.7107925668919	23.1767580263278	NA	NA
MOG_LH145_0162/LH198	NA	15.699571609023	17.4500000000001	17.8777172549189	19.5575551544391	19.7985009598346	NA	22.0107925668919	24.2267580263279	NA	NA
MOG_LH145_0173/LH198	NA	16.099571609023	17.5000000000001	16.2777172549189	19.1575551544391	18.9485009598346	NA	19.8607925668919	23.0767580263278	NA	NA
MOG_LH145_0175/LH198	NA	15.999571609023	18.4000000000001	17.7777172549189	20.3575551544391	21.2485009598346	NA	22.7107925668919	23.6267580263279	NA	NA
MOG_MO45-030-1-1-1-1-B/LH198	NA	18.599571609023	18.8666482586584	19.1277172549189	21.8075551544391	22.9485009598346	NA	25.2607925668919	29.8267580263279	NA	NA
MOG_MO45-071-1-1-1-1-B/LH198	NA	19.0699517688938	18.4000000000001	18.4777172549189	20.9075551544391	21.7985009598346	NA	24.1107925668918	24.5267580263279	NA	NA
MOG_MO45-074-1-1-1-1-B/LH198	NA	18.799571609023	19.8333517413418	19.6277172549189	20.9575551544391	22.7985009598346	NA	26.3607925668918	23.0267580263279	NA	NA
MOG_MO45-085-1-1-1-1-B/LH198	NA	17.199571609023	16.2333517413418	18.5277172549189	20.9575551544391	20.8985009598346	NA	25.6107925668919	22.6767580263278	NA	NA
MOG_MO45-128-1-1-1-1-B/LH198	NA	19.499571609023	16.8333517413418	19.2277172549189	20.6575551544391	21.6985009598346	NA	24.1607925668919	23.5767580263278	NA	NA
MOG_NC230-011-1-1-1-1-B/LH198	NA	17.899571609023	17.3000000000001	18.1777172549189	21.6575551544391	21.4985009598346	NA	26.4107925668919	24.4767580263279	NA	NA
MOG_NC230-183-1-1-1-1-B/LH198	NA	18.399571609023	18.7500000000001	22.3277172549189	22.7575551544391	24.1485009598346	NA	28.3107925668919	25.2767580263279	NA	NA
MOG_OH43_0170/LH198	NA	16.8199517688938	15.7333517413418	17.7777172549189	19.7575551544391	20.4485009598346	NA	21.2107925668919	23.1767580263278	NA	NA
MOG_OH43_0367/LH198	NA	15.599571609023	20.3500000000001	20.8777172549189	23.2075551544391	22.2985009598346	NA	22.5607925668919	26.4767580263279	NA	NA
MOG_OH43_0439/LH198	NA	16.599571609023	17.2333517413418	18.1777172549189	19.6575551544391	20.7485009598346	NA	22.8107925668919	26.6767580263278	NA	NA
MOG_PHG83-090-1-1-1-1-B/LH198	NA	20.0699517688938	19.3333517413418	22.0777172549189	22.5575551544391	23.1985009598346	NA	29.0607925668919	29.2767580263279	NA	NA
MOG_PHG83-224-1-1-1-1-B/LH198	NA	13.9699517688938	19.4000000000001	20.8277172549189	20.6575551544391	23.2485009598346	NA	23.7607925668919	24.0267580263279	NA	NA
PHN11_LH145_0003/LH198	NA	15.999571609023	16.7000000000001	15.5777172549189	18.2075551544391	17.7485009598346	NA	19.0607925668919	20.5767580263278	NA	NA
PHN11_LH145_0005/LH198	NA	15.4699517688938	16.4500000000001	15.6277172549189	16.9575551544391	18.0485009598346	NA	18.4607925668919	20.6762434037691	NA	NA
PHN11_LH145_0028/LH198	NA	13.699571609023	16.7500000000001	15.4277172549189	16.8575551544391	17.6985009598346	NA	18.6607925668919	19.9767580263279	NA	NA
PHN11_LH145_0062/LH198	NA	17.899571609023	15.5000000000001	15.3777172549189	17.9575551544391	18.0485009598346	NA	20.1607925668919	20.2267580263279	NA	NA
PHN11_LH145_0085/LH198	NA	14.299571609023	15.1333517413418	16.6277172549189	16.6575551544391	17.6485009598346	NA	19.4607925668919	21.5267580263279	NA	NA
PHN11_OH43_0001/LH198	NA	15.8199517688938	15.9500000000001	18.8277172549189	18.1575551544391	19.2485009598346	NA	20.4607925668919	22.2767580263279	NA	NA
PHN11_OH43_0036/LH198	NA	16.999571609023	18.3000000000001	17.1760110354253	19.0471374847324	20.2985009598346	NA	20.1107925668919	23.9767580263279	NA	NA
PHN11_OH43_0075/LH198	NA	14.199571609023	15.2500000000001	16.9777172549189	19.0075551544391	20.4985009598346	NA	20.3607925668919	24.9267580263278	NA	NA
PHN11_OH43_0088/LH198	NA	17.199571609023	21.9000000000001	18.7777172549189	21.9075551544391	21.2485009598346	NA	22.8607925668918	23.6762434037691	NA	NA
PHN11_OH43_0142/LH198	NA	15.499571609023	18.3500000000001	17.4277172549189	19.1575551544391	20.8985009598346	NA	20.4607925668919	24.7767580263279	NA	NA
PHN11_OH43_0184/LH198	NA	15.6699517688938	18.0333517413418	16.4777172549189	18.3075551544391	19.3485009598346	NA	20.1607925668919	21.8267580263278	NA	NA
PHN11_PHG47_0048/LH198	NA	17.0699517688938	14.0666482586584	18.9777172549189	18.9575551544391	20.0985009598346	NA	21.7607925668919	25.5267580263278	NA	NA
PHN11_PHG47_0172/LH198	NA	14.499571609023	13.8333517413418	17.2777172549189	18.5575551544391	18.6985009598346	NA	20.0107925668919	21.8267580263279	NA	NA
PHN11_PHG47_0251/LH198	NA	15.2699517688938	14.4000000000001	16.3777172549189	17.3575551544391	17.3485009598346	NA	18.7107925668919	22.1267580263279	NA	NA
PHN11_PHG47_0388/LH198	NA	13.699571609023	17.1500000000001	17.5777172549189	16.7575551544391	19.0485009598346	NA	20.6607925668919	20.5767580263278	NA	NA
PHN11_PHG47_0390/LH198	NA	14.699571609023	15.1333517413418	16.9277172549189	18.5575551544391	20.0985009598346	NA	19.9107925668919	21.2267580263279	NA	NA
PHN11_PHW65_0015/LH198	NA	16.299571609023	15.7000000000001	17.5277172549189	19.5575551544391	19.7485009598346	NA	21.1607925668919	21.9267580263278	NA	NA
PHN11_PHW65_0275/LH198	NA	15.799571609023	18.4000000000001	18.0777172549189	19.3075551544391	19.5985009598346	NA	23.1107925668919	22.6767580263278	NA	NA
PHN11_PHW65_0294/LH198	NA	20.0199517688938	20.2000000000001	20.3777172549189	22.5575551544391	22.2985009598346	NA	26.7607925668919	26.1762434037691	NA	NA
PHN11_PHW65_0312/LH198	NA	14.399571609023	14.5000000000001	18.3777172549189	19.0575551544391	19.2985009598346	NA	23.2607925668919	23.4267580263278	NA	NA
PHN11_PHW65_0328/LH198	NA	17.1699517688938	17.1500000000001	17.5777172549189	19.2575551544391	19.2485009598346	NA	22.0607925668919	22.1267580263279	NA	NA
PHN11_PHW65_0359/LH198	NA	15.599571609023	14.5333517413418	18.2277172549189	18.8075551544391	19.8985009598346	NA	21.9107925668919	23.5767580263278	NA	NA
PHW65_MOG_0137/LH198	NA	17.599571609023	18.5500000000001	19.0277172549189	21.0575551544391	21.5485009598346	NA	24.4607925668919	24.8267580263278	NA	NA
PHW65_MOG_0176/LH198	NA	17.399571609023	17.7000000000001	17.9777172549189	18.8575551544391	19.3985009598346	NA	21.2107925668919	21.6267580263279	NA	NA
PHW65_MOG_0293/LH198	NA	17.6199517688938	16.9333517413418	20.0777172549189	22.1075551544391	21.8485009598346	NA	25.0107925668919	24.1267580263279	NA	NA
PHW65_MOG_0511/LH198	NA	15.2199517688938	17.1500000000001	16.4777172549189	17.8075551544391	19.1485009598346	NA	18.6107925668919	23.0767580263278	NA	NA
TX205/LH198	NA	21.2878798051773	19.4666482586584	NA	NA	NA	19.1876019231958	NA	25.6911511086762	NA	NA
TX303/LH198	NA	20.1007652721149	21.4666482586584	20.7754402319816	NA	23.9418161572141	22.8965161521938	NA	30.1486108381542	NA	NA
TX714/LH198	NA	20.4507652721149	19.2666482586584	19.8495792347197	NA	21.4918161572141	20.9054303811917	NA	27.8198809734152	NA	NA
TX772/LH198	NA	22.2717270944274	23.0666482586584	21.1504402319816	NA	24.2918161572141	23.3661542285264	NA	27.0961242616615	NA	NA
W10005_0029/LH198	NA	15.5649688489594	15.8333517413418	16.0726075379575	NA	18.560493281161	NA	NA	NA	23.0677422098676	26.2062910953884
W10005_0037/LH198	NA	15.6189688676099	16.4500000000001	16.6726075379575	NA	18.910493281161	NA	NA	NA	27.2677422098676	24.5164279700859
W10005_0107/LH198	NA	16.5189688676099	15.5500000000001	17.5226075379575	NA	18.960493281161	NA	NA	NA	25.5811162158569	27.1664279700859
W10005_0147/LH198	NA	15.5689688676099	17.8500000000001	16.8364573520293	NA	18.4736706366275	NA	NA	NA	23.6128032188515	26.2414279700859
W10005_0220/LH198	NA	15.4169688582847	15.6666758706709	16.7179909332669	NA	19.685493281161	NA	NA	NA	26.1378032188515	28.3863595327371
Z013E0006/LH198	NA	19.6837140482256	18.0000000000001	19.2858035793061	21.731327973348	22.8874674204899	NA	NA	27.3841002366434	NA	NA
Z013E0007/LH198	NA	20.6517198914119	19.7000000000001	20.8358035793061	23.931327973348	23.5374674204899	NA	NA	NA	NA	NA
Z013E0019/LH198	NA	20.7017198914119	21.2500000000001	22.0528801778183	24.931327973348	24.5374674204899	NA	NA	NA	NA	NA
Z013E0022/LH198	NA	20.2517198914119	19.7500000000001	21.1358035793061	22.481327973348	23.4874674204899	NA	NA	34.1841002366434	NA	NA
Z013E0026/LH198	NA	20.0517198914119	22.5000000000001	21.3358035793061	23.931327973348	24.0374674204899	NA	NA	NA	NA	NA
Z013E0028/LH198	NA	22.0017198914119	21.3500000000001	19.1358035793061	22.331327973348	22.1374674204899	NA	NA	25.5341002366434	NA	NA
Z013E0034/LH198	NA	21.5017198914119	21.2000000000001	20.9358035793061	24.181327973348	24.7374674204899	NA	NA	31.586616882753	NA	NA
Z013E0035/LH198	NA	20.8517198914119	22.3500000000001	22.2528801778183	24.9912303444185	24.0874674204899	NA	NA	NA	NA	NA
Z013E0045/LH198	NA	22.0017198914119	22.5666482586584	21.2528801778183	25.0912303444185	25.4824169662509	NA	NA	NA	NA	NA
Z013E0046/LH198	NA	21.1517198914119	24.2500000000001	20.3528801778183	25.581327973348	NA	NA	NA	31.0341002366434	NA	NA
Z013E0055/LH198	NA	21.5517198914119	20.5000000000001	20.9358035793061	24.131327973348	23.6874674204899	NA	NA	NA	NA	NA
Z013E0059/LH198	NA	20.1017198914119	18.2500000000001	19.3858035793061	21.481327973348	23.7874674204899	NA	NA	NA	NA	NA
Z013E0063/LH198	NA	18.9017198914119	19.5666482586584	18.6358035793061	21.281327973348	21.2874674204899	NA	NA	26.8841002366434	NA	NA
Z013E0067/LH198	NA	21.4017198914119	24.3500000000001	19.9528801778183	22.681327973348	24.1874674204899	NA	NA	NA	NA	NA
Z013E0072/LH198	NA	20.4837140482256	21.0333517413418	19.4358035793061	22.181327973348	23.0824169662509	NA	NA	26.986616882753	NA	NA
Z013E0073/LH198	NA	21.1517198914119	24.9000000000001	21.7858035793061	24.831327973348	24.4374674204899	NA	NA	34.1841002366434	NA	NA
Z013E0078/LH198	NA	20.7517198914119	19.8500000000001	19.8358035793061	22.531327973348	22.6374674204899	NA	NA	NA	NA	NA
Z013E0079/LH198	NA	19.1017198914119	19.4500000000001	19.8858035793061	21.781327973348	23.1374674204899	NA	NA	30.9841002366434	NA	NA
Z013E0080/LH198	NA	20.9017198914119	21.0666482586584	20.5358035793061	23.781327973348	24.2374674204899	NA	NA	NA	NA	NA
Z013E0082/LH198	NA	20.1517198914119	17.5500000000001	21.2358035793061	23.131327973348	23.4874674204899	NA	NA	NA	NA	NA
Z013E0087/LH198	NA	20.1517198914119	20.2000000000001	19.4858035793061	21.331327973348	22.3374674204899	NA	NA	28.2841002366434	NA	NA
Z013E0088/LH198	NA	20.6017198914119	19.3500000000001	19.5358035793061	21.181327973348	22.0874674204899	NA	NA	NA	NA	NA
Z013E0090/LH198	NA	19.5017198914119	19.4000000000001	20.4858035793061	22.131327973348	22.3374674204899	NA	NA	29.2841002366434	NA	NA
Z013E0093/LH198	NA	17.1837140482256	NA	21.1358035793061	23.281327973348	23.6874674204899	NA	NA	32.4841002366434	NA	NA
Z022E0003/LH198	NA	17.5374367885892	17.8000000000001	18.231349690301	20.4885357075553	NA	NA	22.2518900489545	27.6788349229008	25.4155096356101	29.9402045182772
Z022E0005/LH198	NA	17.1790428855852	16.0333517413418	17.564007969081	19.196315580743	NA	22.4446878062065	22.7807631526422	26.4678356391765	27.7852407932414	27.6646035215267
Z022E0008/LH198	NA	18.1374367885892	19.8000000000001	18.431349690301	21.1693706124461	NA	27.2632908868037	22.4735448767203	28.7455854601076	30.2155096356101	30.9402045182772
Z022E0017/LH198	NA	16.3622550795771	17.4333517413418	16.755843399386	18.2693706124461	NA	19.7632908868037	19.895199704486	23.1955854601076	26.1063161627161	25.5134015280255
Z022E0020/LH198	NA	16.7874367885892	19.7500000000001	17.705843399386	19.7693706124461	NA	20.2074816450121	21.3235448767203	21.8788349229008	28.1655096356101	25.6902045182772
Z022E0023/LH198	NA	20.4874367885892	20.0500000000001	18.055843399386	21.8193706124461	NA	21.7853862659079	26.0235448767203	27.2455854601076	27.9655096356101	29.7902045182772
Z022E0025/LH198	NA	18.4874367885892	18.3333517413418	18.605843399386	19.2693706124461	NA	NA	22.1235448767203	24.9955854601076	25.3155096356101	28.3402045182772
Z022E0027/LH198	NA	18.0374367885892	18.3000000000001	18.505843399386	20.0193706124461	NA	22.0353862659079	24.9735448767203	28.6955854601076	28.8655096356101	29.9402045182772
Z022E0042/LH198	NA	18.8374367885892	17.7000000000001	18.831349690301	20.3885357075553	NA	22.5632908868037	25.6235448767203	26.7955854601076	30.4155096356101	30.2402045182772
Z022E0044/LH198	NA	20.3374367885892	18.6500000000001	20.005843399386	22.3693706124461	NA	24.0353862659079	25.7735448767203	28.8455854601076	29.4655096356101	31.2402045182772
Z022E0046/LH198	NA	16.8126184976012	17.8333517413418	16.931349690301	18.7885357075553	NA	23.3074816450121	22.1518900489545	24.9788349229008	28.5063161627161	30.7670075085289
Z022E0048/LH198	NA	20.1874367885892	18.1000000000001	18.3973413024143	20.9296489140764	NA	20.2853862659079	26.2735448767203	26.7455854601076	27.4655096356101	28.2402045182772
Z022E0050/LH198	NA	18.4874367885892	17.1666482586584	16.855843399386	17.2693706124461	NA	20.9353862659079	20.1735448767203	23.3455854601076	26.4655096356101	28.9402045182772
Z022E0053/LH198	NA	17.6374367885892	21.4500000000001	18.655843399386	21.8193706124461	NA	24.6853862659079	22.5235448767203	28.3955854601076	26.3155096356101	30.5402045182772
Z022E0059/LH198	NA	19.4374367885892	18.5000000000001	18.2679835339956	20.7193706124461	NA	25.0704786178948	25.3897123896076	28.6455854601076	27.6139794999072	30.0902045182773
Z022E0072/LH198	NA	17.8374367885892	15.4000000000001	17.705843399386	19.3502055173369	NA	24.4632908868037	21.0235448767203	24.9455854601076	27.8655096356101	28.4402045182773
Z022E0073/LH198	NA	19.5374367885892	18.4000000000001	18.780337108471	20.6296489140764	NA	NA	22.9235448767203	27.4955854601076	29.4655096356101	31.9402045182773
Z022E0077/LH198	NA	19.1874367885892	NA	17.705843399386	20.5193706124461	NA	20.9074816450121	23.5735448767203	26.6455854601076	27.2655096356101	30.9902045182772
Z022E0079/LH198	NA	18.1874367885892	18.6500000000001	17.455843399386	18.7693706124461	NA	19.2632908868037	22.9735448767203	23.7955854601076	27.7155096356101	28.4902045182772
Z022E0095/LH198	NA	17.2374367885892	19.9500000000001	19.831349690301	21.3885357075553	NA	22.5353862659079	23.7735448767203	26.8455854601076	30.6655096356101	30.6402045182772
Z022E0097/LH198	NA	18.9374367885892	17.5500000000001	19.155843399386	20.0693706124461	NA	22.6353862659079	24.0735448767203	26.5955854601076	28.6155096356101	28.5902045182773
Z022E0105/LH198	NA	18.6126184976012	19.4500000000001	18.355843399386	21.2693706124461	NA	20.1632908868037	24.9235448767203	25.5955854601076	30.4155096356101	29.9902045182772
Z022E0108/LH198	NA	17.9374367885892	17.4000000000001	18.905843399386	19.3193706124461	NA	19.8632908868037	23.2735448767203	23.3788349229008	24.6155096356101	27.9402045182772
Z022E0110/LH198	NA	17.8874367885892	19.0000000000001	18.155843399386	19.5693706124461	NA	21.1632908868037	21.9235448767203	27.5455854601076	28.5655096356101	31.2902045182773
Z022E0114/LH198	NA	20.0874367885892	18.4666482586584	18.755843399386	20.5693706124461	NA	22.5853862659079	24.7735448767203	26.8955854601076	31.1655096356101	30.5402045182772
Z022E0123/LH198	NA	17.3126184976012	19.6333517413418	20.355843399386	22.4693706124461	NA	28.7853862659079	24.7235448767203	29.2455854601076	26.6655096356101	31.7402045182772
Z022E0134/LH198	NA	20.1874367885892	20.3500000000001	18.455843399386	21.1193706124461	NA	22.2632908868037	25.2235448767203	30.9955854601076	29.1155096356101	32.2902045182772
Z022E0142/LH198	NA	17.0874367885892	20.6000000000001	17.855843399386	20.5193706124461	NA	21.5632908868037	24.9235448767203	26.8455854601076	27.5155096356101	29.0902045182772
Z022E0160/LH198	NA	21.3374367885892	18.9000000000001	19.155843399386	22.0693706124461	NA	31.0632908868037	27.6735448767203	30.4955854601076	31.0655096356101	31.5902045182773
Z022E0166/LH198	NA	16.8374367885892	17.9000000000001	17.705843399386	20.0193706124461	NA	21.1353862659079	22.5735448767203	24.6455854601076	28.7155096356101	27.9402045182772
