line_code	NEH3_14	MNH1_14	NEH2_14	ONH2_14	MOH2_14	NYH1_14	NYH2_14	IAH1a_14	IAH2_14	WIH1_14	ILH1_14	IAH3_14
B73_NC230-040-1-1-1-1/LH198	76.253656817254	NA	74.2554800015172	NA	NA	NA	113.969747170345	143.343444807446	141.76233885	138.99038715	168.437981411993	151.527491900023
B73_NC230-041-1-1-1-1/LH198	64.6939763972539	NA	62.6745482315172	NA	NA	NA	96.9807298703451	91.6294942180698	126.53187975	127.99908485	178.356889511994	119.90262926491
B73_NC230-059-1-1-1-1/LH198	76.5427592972539	NA	91.6274036715172	NA	NA	NA	141.031324020345	115.37057141807	147.48480075	101.462157135	134.922819611994	172.946152450023
B73_NC230-129-1-1-1-1/LH198	54.9719588277613	NA	93.4921795290305	NA	NA	NA	130.039762353299	158.908222757446	133.28783845	140.70430605	172.13606405	143.744426050023
CG104/LH198	71.2212920615248	115.04206447002	81.6318662924733	120.602496188432	NA	NA	NA	135.545139872476	167.132990117274	NA	188.533128411993	NA
CGR01/LH198	132.416513296934	125.66101306044	91.2896643630339	180.930408644824	NA	NA	NA	225.56623429627	NA	NA	NA	NA
CGR03/LH198	89.3552132815248	133.53489926523	83.7864582474733	154.460099238432	NA	NA	NA	161.759981422476	165.16211195	NA	169.802696611993	NA
LH162/LH198	76.5840865998041	NA	71.7154598644203	NA	NA	96.1481757041055	122.927945122148	118.122386944385	129.8916378	NA	164.0503475	NA
LH82/LH198	76.2642038245473	80.7603948048963	87.7532948297169	79.3058297179984	38.616661215148	74.1014862657278	78.6289852332757	78.2337938113334	85.951508535	85.5730201050002	106.6631905	118.839026900023
M0001/LH198	92.4990733951213	NA	84.8242757435233	109.458426319481	109.595048442212	NA	122.169860360755	133.503329130636	155.1540444	168.25147395	152.774687011994	150.78688806491
M0003/LH198	61.0996829751213	85.0628547567232	87.6584899835233	97.1533181044806	119.625696342212	121.153179579045	138.307647960755	146.506274231111	146.05541715	147.12550765	174.23579175	181.641366100023
M0008/LH198	87.1292653452723	97.8494001491193	101.796354965525	115.310962969481	142.178589792212	140.464380851177	113.953598805755	177.294643727331	181.049593625	182.43835945	135.9840256525	186.774438100023
M0012/LH198	97.1303370469659	86.3890413391193	96.7797362085233	117.496905919481	103.815269342212	120.795127251177	146.666051960755	145.444600452549	161.6859867	178.93227565	209.3463826	161.057203000023
M0014/LH198	94.2780289302723	99.7768456491194	109.994363487527	133.817098369481	111.741894442212	127.862878551177	137.582857360755	160.351730755301	156.731129694242	187.150244875	182.75303155	190.229363825023
M0015/LH198	62.6680744251213	79.1931664472019	NA	112.369229569481	117.685656192212	NA	131.151470610755	176.630599281111	155.74838895	168.268045804503	115.77512615	157.528173750023
M0022/LH198	26.9899568701213	NA	126.89077404191	97.9950081694806	110.280400232212	NA	127.502337760755	179.271631431111	149.4151752	155.381112	80.461279805	187.209664450023
M0024/LH198	66.9735235701213	70.6739420241194	97.2331683985233	96.0683947744807	108.598833557212	NA	116.858122260755	138.974630526305	154.938096294242	152.134856275	166.650523969003	160.382789978394
M0027/LH198	86.3546463451213	NA	109.704131778523	137.987464719481	129.134975042212	NA	160.026675710755	163.847046431111	161.2112583	183.18705895	180.99282565	171.568698250023
M0028/LH198	107.228307935121	100.065790076723	102.540744798523	144.403530219481	160.676635492212	NA	169.935378960755	171.273646281111	146.07534415	200.892723125	213.28976985	194.352358650023
M0030/LH198	51.0137097901213	106.651968021723	NA	118.424074819481	125.727484242212	122.796787445793	138.594531910755	141.936329631111	169.9553689	198.2055355	215.58686155	192.320183200023
M0033/LH198	89.6022623651213	NA	100.091053683523	113.396658469481	141.971919242212	NA	142.584156610755	154.693349231111	172.1816161	203.777249	188.134823411993	202.630458950023
M0039/LH198	62.3446752251213	61.2036715662445	65.7738113335233	100.534070669481	85.0954815472123	95.4707355790452	108.821095405755	160.895521281111	134.01181685	129.871486625	88.890174	181.646131250023
M0041/LH198	52.1126779351213	77.2207459091194	86.3469923519096	117.420316919481	123.241617492212	138.800247428997	135.224918660755	123.896910320014	178.38541265	163.57743775	186.05348665	156.590521550023
M0045/LH198	92.7447263351213	75.5190237186498	105.796424975137	111.323705419481	115.522249492212	91.154844276177	132.995314210755	132.160346731111	167.6946285	191.4928863	131.39707505	198.789474550023
M0051/LH198	62.4528782601213	98.6807742091193	120.361892458523	122.462672319481	133.926165342212	127.757828601177	177.505312460755	168.764162474271	151.93518325	191.18846555	171.53992165	175.361489600023
M0061/LH198	68.3156723451213	69.4943725167232	94.8639588885233	92.5699707794806	73.4249169172124	126.136771979045	94.2761144257551	121.769063336111	145.95854375	137.9006379	175.5284417	170.570452750023
M0062/LH198	52.0344056501213	87.8417848262445	87.9015128035233	76.6440329044807	84.0293687022124	NA	85.1133742507551	125.187194481111	145.289148	115.45395213	144.39905915	151.407550800023
M0077/LH198	88.4744681301213	72.2657850995889	148.132773208523	134.243387744481	153.515548492212	127.058909528997	152.169370910755	175.051265217514	168.6996427	165.86265077117	185.59526765	203.323084850023
M0083/LH198	103.284868105121	90.7516943541194	102.215257495137	130.972468819481	109.386798597212	141.831275951177	150.708797310755	156.545165668357	158.53291715	162.7209493	192.978701162669	172.294915378394
M0085/LH198	55.8171979151213	78.0525568595889	79.1552000619096	93.8069148494807	94.5695631372124	87.0852289289975	126.851407056324	136.842857417514	137.33361615	152.10522977117	158.136759411993	193.793157100023
M0087/LH198	69.0022907251213	87.3360702248277	95.4557352385233	107.431132009481	128.667439492212	136.248248901177	142.364093110755	162.496539477549	158.2825842	159.917466666667	212.952694	167.770871000023
M0101/LH198	89.1649264701213	84.5025800317232	84.5228643335233	148.095583469481	116.773869342212	139.546572370793	168.569350310755	156.781406981111	174.55439175	200.491174575	162.30210865	233.814272550023
M0106/LH198	99.1410659901213	NA	NA	92.6033732494806	151.098406392212	NA	140.399496210755	157.165781330636	169.69523485	162.4581884	202.70991325	210.602506450023
M0114/LH198	101.404334340121	NA	89.2991570485233	126.338833669481	108.666294742212	NA	151.337418460755	127.636483331111	158.29227695	129.99704415	205.819731011993	174.052101250023
M0118/LH198	105.907620940121	84.6674204641193	97.6529350985233	110.220634289481	119.717118692212	131.682120480921	140.447418411837	159.397224386823	155.977008	175.221526557298	126.325045362669	200.920996778394
M0143/LH198	95.8437407401213	85.8729525641193	113.141168883523	124.013652319481	157.685508992212	NA	132.202728410755	160.735228217514	169.32014145	184.93493085	201.34272575	195.578086100023
M0151/LH198	95.3813135401214	69.3520342779213	119.245670758523	97.9129485544806	124.455377842212	88.6432633525413	122.370592460755	113.404881835014	147.925848282726	161.972627933333	57.084693515	172.225693800023
M0154/LH198	94.2620934951213	81.5436064291194	48.2009467085233	142.433677719481	157.994476842212	137.582329401177	165.777836765186	173.249514227549	177.6821193	176.2757228	175.97040655	184.157800350023
M0172/LH198	96.1814477951214	88.5106372791194	57.0138219819096	130.311888619481	115.551129142212	122.001035901177	147.536612960755	156.774150931111	160.5477648	163.21110525	174.6435125	157.257913750023
M0186/LH198	82.8537500151213	86.6195531991194	91.9266440885233	122.488026619481	145.155863042212	143.549264328997	131.189158610755	146.582289432514	156.8092854	161.2223728	195.34889925	188.891276250023
M0262/LH198	78.3566705301213	77.4502426404213	93.5136567435233	76.1705066194807	102.532107397212	98.3043305604664	115.582793910755	138.138970527549	131.14698495	126.101543016667	142.9777438	131.671097700023
M0266/LH198	59.0520548052723	77.0170552941193	68.1475268983915	110.626093119481	108.346993392212	115.040013201177	130.227897210755	143.409119538634	151.855745975	152.618097475	179.073320170664	174.381275875023
M0269/LH198	50.1206272201213	79.6882375786498	42.5077951635233	114.882674669481	127.182254892212	124.091855301177	131.002180510755	136.909696949508	148.5617254	146.8920328	150.97603525	186.056605650023
M0272/LH198	98.4290406601213	107.005471557202	171.957547475137	115.809422769481	83.8621371022123	NA	142.425282010755	152.946433131111	132.0227985	164.3333946	140.4557245	182.016351200023
M0276/LH198	82.6504419401213	NA	122.66154564191	132.272746169481	118.797570442212	NA	138.928634110755	165.527412831111	177.42388045	176.8590461	188.21181335	184.370932650023
M0287/LH198	23.9486472251213	85.2936394091194	116.541384293523	88.6499916094807	120.446060792212	116.692167701177	124.425998060755	154.503409367514	158.5347041	164.812375625	141.71292045	156.956680250023
M0296/LH198	93.7420141151213	89.0325840291194	87.8357598985233	117.151098119481	144.841344842212	130.907919851177	141.194356260755	160.765075181111	158.1185654	154.674714525	134.81843665	181.512869450023
M0297/LH198	82.2624470551213	69.6944320348277	60.1574591985233	110.561129234481	134.904240192212	112.614129463485	129.597055910755	148.257340577549	155.5818252	155.018794357298	53.8693753149999	166.872856200023
M0309/LH198	103.127113690121	58.8950124217232	133.025501675137	97.1400097194806	100.862724352212	84.3251590357932	141.966690160755	106.342227506227	104.46012242	137.0138572	NA	145.348333911728
M0311/LH198	50.9204984401213	115.485166449119	101.264207145137	87.3690193544806	128.22587109725	141.977533651177	136.821894810755	151.42748599287	136.37479145	170.318067125	128.23288637	156.754811050023
M0317/LH198	63.6914004051213	72.8318574941194	85.4802269735233	124.218485869481	134.342890642212	129.030232851177	134.019551410755	135.020042889508	156.57454745	151.874450225	162.14908845	175.074930600023
M0323/LH198	70.5390941090247	103.72488983169	107.264095270593	135.49761565875	157.097851842212	157.567154328997	167.192058510755	163.122597155014	176.5972888	195.143202433333	188.0471154	196.728491600023
M0325/LH198	75.1318839101213	106.234082639589	79.529971185137	131.037117119481	153.072064342212	135.101622028997	158.003001710755	176.680505902549	197.29933525	208.58280337117	193.52728005	208.743338500023
M0326/LH198	78.9298782551213	100.55087665865	111.548369943523	89.3315601544807	108.559304437212	NA	126.432777460755	148.698835554687	137.043889391363	156.714098175	172.964856569003	139.961977745061
M0346/LH198	96.0755066901213	86.4161973041194	56.3121067319096	103.043781034481	121.084212342212	140.227326373357	156.974865660755	176.916118817514	172.33063545	214.386847925	124.2906564	180.967475950023
M0354/LH198	74.8651217687718	99.6423863586499	73.1978772243523	101.811728979481	127.050491192212	94.4513980289975	135.432148756324	121.905346927514	163.97055285	171.24220465	184.2069866	150.150849900023
M0365/LH198	60.2075472451213	NA	95.4373244185233	104.789968379481	116.662050692212	NA	94.4880013307551	133.572402431111	147.73470055	148.42982865	103.71025282	189.163973000023
MO44_LH145_0127/LH198	161.803582047254	NA	119.930094111517	NA	NA	NA	178.528045370345	166.171061613905	185.9590283	256.75421215	236.447415219003	213.756334545061
MO44_LH145_0138/LH198	79.4364667762613	NA	83.5345104440039	NA	NA	NA	115.524811670345	110.144373463905	122.3796442	95.4566332900002	133.867297444003	118.064310450023
MO44_LH145_0143/LH198	37.1508111487613	NA	100.259974116517	NA	NA	NA	181.220411220345	160.755856807446	177.8930315	196.92546975	196.6975707	174.323390100023
MO44_PHG47_0072/LH198	86.9395071172539	NA	93.1528716165172	NA	NA	NA	153.388233170345	162.245562907446	155.4400619	137.7851635	179.8548266	176.966967250023
MO44_PHG47_0125/LH198	103.081693247254	NA	132.159612811517	NA	NA	NA	178.679284820345	155.26508548807	148.6256759	182.2765369	197.58418315	233.776097200023
MO44_PHW65_0025/LH198	111.457774686261	NA	78.7640267815172	NA	NA	NA	151.439881120345	133.405554957446	173.2904348	201.78686815	205.99119475	212.854422035136
MO44_PHW65_0035/LH198	106.804518816261	NA	89.3144558540039	NA	NA	NA	146.743714120345	128.643379807446	164.88405445	168.54429165	163.54378695	189.296260150023
MO44_PHW65_0126/LH198	93.0680482912613	NA	113.275875024004	NA	NA	NA	185.255034070345	174.288946657446	189.08832615	195.43813235	217.06283065	173.049361350023
MO44_PHW65_0193/LH198	82.6400020372539	NA	94.9218884165172	NA	NA	NA	159.736987870345	148.19186498807	149.39329885	145.39127265	187.30221365	144.708288235136
MOG_LH123HT-014-1-1-1-1-B/LH198	68.192453007254	NA	84.6744260315172	NA	NA	NA	165.271442770345	189.125901557446	183.5287459	216.40368905	193.3744703	187.979453300023
MOG_LH123HT-031-1-1-1-1-B/LH198	64.3524294152614	NA	100.642393136517	NA	NA	NA	169.711699320345	185.083535307446	165.8585283	235.50649895	217.04068505	214.179241400023
MOG_LH123HT-045-1-1-1-1-B/LH198	125.831890847254	NA	149.268501924004	NA	NA	NA	143.663638120345	146.042471007446	182.96504995	188.97186705	182.3474938	211.796123200023
MOG_LH145_0038/LH198	98.0227155472539	NA	108.350191624004	NA	NA	NA	174.660202820345	159.384846357446	195.6540036	193.4259582	195.0117182	199.378837400023
MOG_LH145_0057/LH198	130.581671951261	NA	69.3108597815172	NA	NA	NA	165.535746320345	166.433645407446	186.1526668	182.55175725	195.4647296	204.949897400023
MOG_LH145_0162/LH198	64.6197018872539	NA	94.6488822315172	NA	NA	NA	152.272645820345	145.729216357446	164.5047915	188.9158639	161.48961285	173.087807500023
MOG_LH145_0173/LH198	94.7595817472539	NA	113.337442556517	NA	NA	NA	170.315736670345	146.800184557446	166.2490001	195.1383785	188.83199495	181.432240900023
MOG_LH145_0175/LH198	103.135663247254	NA	163.452746461517	NA	NA	NA	177.518807520345	134.45858468807	172.21129005	245.536157	164.9161295	195.151063350023
MOG_MO45-030-1-1-1-1-B/LH198	95.9480791472539	NA	86.6023246790305	NA	NA	NA	162.435093520345	157.282818107446	159.2533759	208.872893	195.4677279	225.620049800023
MOG_MO45-071-1-1-1-1-B/LH198	96.7153894862613	NA	115.392090061517	NA	NA	NA	186.274939370345	192.455552457446	200.3870464	221.94213465	187.997564	215.908342300023
MOG_MO45-074-1-1-1-1-B/LH198	125.190142247254	NA	65.3867022140039	NA	NA	NA	146.565399940345	209.77432498807	194.01674025	215.9416631	171.93664855	225.397820350023
MOG_MO45-128-1-1-1-1-B/LH198	86.493860077254	NA	90.5201015440039	NA	NA	NA	143.576240820345	178.584136757446	172.14008345	232.66446775	221.61167085	239.339251350023
MOG_NC230-011-1-1-1-1-B/LH198	71.1240867672539	NA	91.8357089515172	NA	NA	NA	167.992995120345	154.024698657446	150.4721187	181.47844925	164.73438835	184.896020050023
MOG_NC230-183-1-1-1-1-B/LH198	86.5296296672539	NA	104.662790221517	NA	NA	NA	176.298928320345	197.454631607446	164.4377545	193.28363825	192.1736114	215.704144650023
MOG_OH43_0170/LH198	102.122331731261	NA	145.683126324004	NA	NA	NA	174.568419520345	195.046388057446	215.9611922	184.4848077	197.04748145	207.876297200023
MOG_OH43_0367/LH198	154.457244047254	NA	144.937247861517	NA	NA	NA	154.360378620345	167.109322507446	151.8702039	176.25876775	173.59877735	187.828809500023
MOG_OH43_0439/LH198	88.6780145472539	NA	128.322249124004	NA	NA	NA	170.417862570345	170.275225457446	169.1346254	177.9092763	165.55419585	189.379325450023
MOG_PHG83-090-1-1-1-1-B/LH198	66.6342138162614	NA	45.4661950340039	NA	NA	NA	126.133721745345	186.455628707446	189.13673585	212.51344	188.1112377	201.372079400023
MOG_PHG83-224-1-1-1-1-B/LH198	43.2664121112613	NA	101.923786241517	NA	NA	NA	125.842614170345	179.233443057446	184.3831704	203.2024461	183.41763585	228.108380400023
PHN11_LH145_0003/LH198	101.746961347254	NA	103.492388081517	NA	NA	NA	136.846219770345	98.8513700174463	118.96086325	172.02329435	165.11749125	121.315119800023
PHN11_LH145_0005/LH198	113.578122501261	NA	122.506030861517	NA	NA	NA	145.758812053299	137.74015088807	168.4574321	166.31358535	166.83143335	131.213588850023
PHN11_LH145_0028/LH198	57.927842267254	NA	92.5584651315172	NA	NA	NA	149.026872420345	132.590605457446	134.56175885	143.3815818	152.8119096	151.919046750023
PHN11_LH145_0062/LH198	101.311098347254	NA	134.913871441517	NA	NA	NA	159.963116070345	142.951131907446	143.95885795	203.7889806	194.967427	158.602607550023
PHN11_LH145_0085/LH198	83.3812742472539	NA	95.0354866440039	NA	NA	NA	141.032352870345	116.913575657446	174.20723945	169.7181313	178.7732172	117.248981850023
PHN11_OH43_0001/LH198	129.043632051261	NA	114.032319461517	NA	NA	NA	165.984049770345	183.194910007446	175.2657533	228.92099145	191.4144018	204.427138400023
PHN11_OH43_0036/LH198	71.8909237172539	NA	143.923600711517	NA	NA	NA	162.061678770345	220.94947608807	165.20451095	215.0815353	201.764300811994	183.118240335136
PHN11_OH43_0075/LH198	66.0241844372539	NA	99.8186404565172	NA	NA	NA	159.087681520345	140.443307507446	179.00147115	193.8603679	196.3700685	198.501345250023
PHN11_OH43_0088/LH198	72.4526115372539	NA	112.674127016517	NA	NA	NA	195.062987853299	139.180054507446	186.48119165	191.7964722	169.85817215	212.060101850023
PHN11_OH43_0142/LH198	148.896019247254	NA	129.949262361517	NA	NA	NA	177.163153820345	184.156767057446	176.246671	208.5877394	202.09514965	187.611995050023
PHN11_OH43_0184/LH198	91.2744661762613	NA	54.796798584004	NA	NA	NA	135.309674420345	154.064769207446	179.59581575	193.2710504	196.0468271	184.903221900023
PHN11_PHG47_0048/LH198	77.2973925062613	NA	89.0862072990305	NA	NA	NA	124.217751020345	131.097758722446	156.3256223	169.8082158	169.81088265	199.596139250023
PHN11_PHG47_0172/LH198	102.506013147254	NA	124.532776324004	NA	NA	NA	153.418990070345	190.874983557446	196.33038465	204.23195345	214.7754704	171.436032050023
PHN11_PHG47_0251/LH198	132.580192751261	NA	111.679942711517	NA	NA	NA	156.759904120345	179.73761368807	166.08693075	202.27424105	194.9888888	185.904229050023
PHN11_PHG47_0388/LH198	105.211036047254	NA	81.0275055965172	NA	NA	NA	169.326859070345	175.310692957446	170.95659265	176.3701318	188.683972	142.185625250023
PHN11_PHG47_0390/LH198	86.097659227254	NA	120.876913524004	NA	NA	NA	176.765209370345	176.982882757446	181.43137445	220.0800729	185.22499975	179.114426950023
PHN11_PHW65_0015/LH198	101.935382947254	NA	115.280047061517	NA	NA	NA	175.829777270345	175.048717857446	184.55298315	174.7121732	207.2650657	213.632385900023
PHN11_PHW65_0275/LH198	89.844313647254	NA	109.137671486517	NA	NA	NA	171.177092270345	175.347514607446	176.1434621	217.5054268	198.27937575	204.839486600023
PHN11_PHW65_0294/LH198	109.519588771261	NA	131.395826761517	NA	NA	NA	176.980205453299	158.053148457446	194.39919795	222.92822675	218.0247171	208.597730600023
PHN11_PHW65_0312/LH198	97.3347820472539	NA	117.072208881517	NA	NA	NA	143.929620320345	150.133409357446	164.98000725	198.00057595	196.76679535	175.728839600023
PHN11_PHW65_0328/LH198	100.115131511261	NA	127.294422111517	NA	NA	NA	120.031509620345	169.082745807446	171.702285	187.2963112	191.94352875	188.765162150023
PHN11_PHW65_0359/LH198	124.978680847254	NA	128.010843224004	NA	NA	NA	155.998779170345	162.900067557446	184.4163099	217.99211465	196.9135559	211.531386450023
PHW65_MOG_0137/LH198	95.2678256472539	NA	121.912676461517	NA	NA	NA	155.330953770345	178.073940507446	190.4788846	243.43162905	199.75113665	215.034099100023
PHW65_MOG_0176/LH198	35.895877057254	NA	100.559807456517	NA	NA	NA	121.803930105345	151.914602057446	156.0635389	222.4958294	211.7004426	191.047454050023
PHW65_MOG_0511/LH198	98.8282677862613	NA	116.163240411517	NA	NA	NA	166.160360520345	176.345760107446	171.64916435	133.5681866	213.6920199	188.416168800023
TX205/LH198	90.3584556506727	NA	158.59033293442	NA	NA	184.824864594106	165.830116593688	154.167261586935	NA	NA	NA	NA
TX303/LH198	92.8660897498041	NA	63.5378996744203	NA	NA	116.727493255145	140.567588950608	174.734466964386	193.88244955	NA	179.01718685	NA
TX714/LH198	106.632438404804	NA	64.5152511944203	NA	NA	79.6830021261849	89.5926647171479	148.930141386935	152.0534457	NA	139.269666811993	NA
TX772/LH198	122.335702349515	NA	138.45415613442	NA	NA	123.574594842158	156.892449198301	180.854641605235	193.95203165	NA	199.450514275	NA
W10005_0029/LH198	104.897341586115	142.960154260441	114.091711931913	206.173914232039	NA	NA	NA	189.954419422476	229.8357485	NA	220.49302945	NA
W10005_0037/LH198	81.3067392215248	103.99365386044	102.326153922473	131.109445888432	NA	NA	NA	151.631647922476	163.3735008	NA	168.1710046	NA
W10005_0107/LH198	106.117212751525	143.53067731523	115.092742507473	164.743751988432	NA	NA	NA	186.462320072476	188.547373	NA	253.7308191	NA
W10005_0147/LH198	132.335325016525	128.482592142625	119.886919992473	166.752372488432	NA	NA	NA	165.301519322476	165.772993776545	NA	229.631306852804	NA
W10005_0220/LH198	126.82763791382	138.537159367625	105.271618152193	158.959350960235	NA	NA	NA	192.465312207717	215.452999375	NA	218.615213942399	NA
Z013E0006/LH198	99.1781853247735	NA	127.786579887527	NA	NA	NA	129.363462698868	174.421545410803	169.76221775	NA	166.98124485	196.712788250023
Z013E0007/LH198	63.4907163054232	NA	96.7343649025273	NA	NA	NA	NA	172.850398560803	149.7940049	NA	175.17674245	155.807628450023
Z013E0019/LH198	75.3564371554232	NA	126.405768337527	NA	NA	NA	NA	184.552111095148	174.889577	NA	181.010151711994	185.600396350023
Z013E0022/LH198	90.3432128004232	NA	65.1140446825273	NA	NA	NA	121.344900848868	163.407272410803	151.0000219	NA	176.74871085	164.055296750023
Z013E0026/LH198	103.117849545423	NA	120.320203337527	NA	NA	NA	NA	179.014936710803	155.2632097	NA	183.04468525	158.237748450023
Z013E0028/LH198	84.0146775404232	NA	82.5148996625273	NA	NA	NA	147.687968398868	151.045598110803	159.56473535	NA	229.61459125	167.850741450023
Z013E0034/LH198	74.5325792654232	NA	91.5277850525273	NA	NA	NA	128.166406353819	190.514768060803	166.797805	NA	161.37725425	236.508046300023
Z013E0035/LH198	43.5954582554232	NA	34.9992034975273	NA	NA	NA	NA	153.704565695148	131.8485455	NA	124.655052711994	163.58749796491
Z013E0045/LH198	51.5136363004232	NA	91.5916356701813	NA	NA	NA	NA	155.319194595148	176.851520517274	NA	179.432712711994	167.68520496491
Z013E0046/LH198	105.490425610423	NA	103.279148437527	NA	NA	NA	142.726577348868	208.635292660803	NA	NA	209.592371011993	189.011704700023
Z013E0055/LH198	69.5312011254232	NA	85.7173302825273	NA	NA	NA	NA	171.613191460803	134.2035601	NA	142.4903831	156.674020050023
Z013E0059/LH198	97.7523053654232	NA	80.4718246525273	NA	NA	NA	NA	174.506301295148	189.5511959	NA	177.2212903	161.743601700023
Z013E0063/LH198	50.1635971704232	NA	100.245773060181	NA	NA	NA	146.713440348868	175.827482310803	139.7696925	NA	151.7628085	173.303376550023
Z013E0067/LH198	87.0710314704232	NA	64.2876618825273	NA	NA	NA	NA	163.098728710803	123.29606985	NA	141.405216711993	174.186933450023
Z013E0072/LH198	81.0392142847735	NA	101.946529214873	NA	NA	NA	150.403644453819	189.170615710803	182.457723417274	NA	176.09633655	182.708219000023
Z013E0073/LH198	112.849914155423	NA	100.553295017527	NA	NA	NA	123.299371848868	186.755765960803	197.08268325	NA	183.0682511	194.156824900023
Z013E0078/LH198	66.4057803304232	NA	37.5604115625273	NA	NA	NA	NA	193.260037910803	151.57703865	NA	182.9997628	196.358163350023
Z013E0079/LH198	64.6509135754232	NA	72.9801990175273	NA	NA	NA	103.855813198869	182.942993460803	133.68870695	NA	113.34568695	187.076348450023
Z013E0080/LH198	82.6751062954232	NA	89.2140097801813	NA	NA	NA	NA	205.254253910803	175.4574966	NA	187.3128919	208.674677000023
Z013E0082/LH198	78.6036323704232	NA	94.4330124475273	NA	NA	NA	NA	143.372630095148	171.38372365	NA	173.12251575	180.910619000023
Z013E0087/LH198	97.2182864004232	NA	114.024754987527	NA	NA	NA	132.975340698868	183.563221460803	177.90878895	NA	157.54222785	192.221739450023
Z013E0088/LH198	83.9782767354232	NA	93.0953348625273	NA	NA	NA	NA	167.884579195148	160.1463548	NA	144.0935973	175.386290050023
Z013E0090/LH198	110.272767595423	NA	101.008831307527	NA	NA	NA	151.641096348868	190.458290160803	147.36025695	NA	149.5706058	168.745723900023
Z013E0093/LH198	87.9028731647735	NA	NA	NA	NA	NA	137.134182498868	202.311176010803	198.82440095	NA	172.7123753	191.100412200023
Z022E0003/LH198	69.782627020985	101.928262914097	91.6330867363494	144.549708716273	NA	NA	127.572845598392	174.197843441318	NA	181.189020313509	185.414230211993	195.52409746491
Z022E0005/LH198	69.9852889723696	85.6915350660216	84.2129315779678	114.782432475935	NA	122.89952399744	138.260467408798	150.166302750437	NA	141.900978728831	166.726169429336	155.564570078394
Z022E0008/LH198	82.904386645985	108.225139929097	98.4619228613494	130.969677516273	NA	140.467490140409	148.526630306197	153.404415473157	NA	161.04149715	156.479575211993	173.304026350023
Z022E0017/LH198	41.9386368951387	114.112718688323	55.9549530879678	106.150640895258	NA	168.238695840409	158.456018656197	149.194727373157	NA	169.540182286491	182.01715105	164.226409100023
Z022E0023/LH198	58.676326215985	104.281751479097	88.2370795063494	119.166763866273	NA	143.841380075956	124.160722356197	142.587084073157	NA	147.8322905	166.6122394	150.550364700023
Z022E0025/LH198	98.689981450985	94.8857476840968	99.9441881779678	145.547101766273	NA	NA	141.026224706197	155.749768741318	NA	197.49222325	194.0659281	187.633600700023
Z022E0027/LH198	54.720735250985	105.215598514097	76.3037120313494	127.959087666273	NA	136.797021275956	148.162854156197	141.164360873157	NA	154.6147509	169.6539173	169.487300850023
Z022E0042/LH198	81.194074060985	102.945209654097	68.5659074413494	131.857079066273	NA	135.744789940409	166.171181056197	180.017287041319	NA	188.0256365	183.956093311993	147.45485456491
Z022E0044/LH198	83.591162835985	91.6280786390968	45.9374316613494	130.471322966273	NA	117.483854575956	126.327242656197	191.905284523157	NA	171.026113	199.01596635	181.227718350023
Z022E0046/LH198	46.6427433868313	107.784082988323	95.3730445979678	76.8769942272889	NA	125.537937311503	142.628564298392	152.512063541318	NA	162.646584413509	185.619589811994	147.07992356491
Z022E0048/LH198	75.049331400985	83.6446031540969	110.483136231349	109.579934366273	NA	125.655063825956	129.401578856197	152.36083638377	NA	148.9233242	180.241324429336	150.724907045061
Z022E0050/LH198	73.751052985985	91.9626952890968	99.522454844731	86.5198563312734	NA	129.999854875956	144.968631006197	160.439112841318	NA	188.81040845	178.6937351	159.065423100023
Z022E0053/LH198	61.674081110985	87.0524040690968	68.9367539663494	129.178778166273	NA	134.390077325956	150.591728656197	165.365600273157	NA	157.0863393	168.98444725	185.727918350023
Z022E0059/LH198	53.081383240985	94.3185241063733	70.5311309613494	96.4179339262733	NA	94.976961243528	119.735031956197	147.638146673157	NA	155.546399468246	178.997208896002	175.763766000023
Z022E0072/LH198	90.671964185985	99.9183453340968	70.2870561113494	140.525839916273	NA	150.192735040409	134.944589356197	151.446045723157	NA	199.6347289	194.0919136	167.922274435136
Z022E0073/LH198	67.140095755985	89.1548360390968	79.5135070013494	98.8411134662734	NA	NA	106.539997341197	131.633429917103	NA	118.2005896	145.971586288006	136.412588278394
Z022E0077/LH198	93.979178655985	112.301713894097	NA	140.716050016273	NA	159.264826711503	162.921833806197	177.288014073157	NA	158.3115579	185.137522	182.181561250023
Z022E0079/LH198	49.465077385985	101.843029169097	103.805794866349	109.307085981273	NA	123.009267740409	135.442114706197	152.803356373157	NA	148.98951755	189.33923935	154.882105750023
Z022E0095/LH198	90.245253960985	111.816505074097	94.6671898963494	119.740287216273	NA	153.680555425956	154.852967056197	171.436220441318	NA	177.8585395	196.954342611993	130.97218896491
Z022E0097/LH198	95.927253825985	97.2343825190968	85.2324336963494	137.500784416273	NA	133.757936425956	107.727657641197	162.924217273157	NA	194.14419425	209.26158765	189.101051300023
Z022E0105/LH198	35.6609523068313	115.392179229097	95.2331910913494	107.232028766273	NA	142.984790740409	144.500238106197	155.709071023157	NA	152.74712305	188.69459765	165.929789000023
Z022E0108/LH198	86.197608905985	86.6724716940968	119.942615536349	91.1922594162734	NA	155.815832640409	139.543668998392	160.563548341318	NA	133.41559085	191.59340755	177.554164100023
Z022E0110/LH198	60.924655545985	98.2708698240968	74.4163400013494	103.971840766273	NA	126.734534640409	142.422198056197	144.591945441319	NA	133.64170145	151.90099485	149.086487950023
Z022E0114/LH198	84.075998620985	107.775748529097	115.985936044731	113.967127516273	NA	139.947816525956	116.023681456197	183.030619573157	NA	172.80035945	167.1350015	190.020617600023
Z022E0123/LH198	100.056635016831	94.0983085690968	50.2781082679678	115.263985666273	NA	138.263064075956	146.999669356197	170.711777473157	NA	162.3621524	195.56351675	172.325437100023
Z022E0134/LH198	73.796764405985	88.1340397590968	49.9246892363494	107.326712966273	NA	165.591328240409	115.574403261197	145.466644623157	NA	181.27169145	162.0904894	178.832308200023
Z022E0142/LH198	61.511013860985	87.4524628340968	106.132396491349	102.262948466273	NA	144.928973340409	139.293008456197	163.392935073157	NA	123.9809448	187.1762836	169.074194550023
Z022E0160/LH198	71.502828855985	94.0772616490968	69.7726051763494	114.971306266273	NA	112.912124240409	131.387023356197	146.050105173157	NA	143.0220142	169.03904845	167.129037300023
Z022E0166/LH198	83.290277420985	101.213295464097	91.4363539663494	118.855621016273	NA	152.178774025956	138.881851506197	145.337768823157	NA	135.17797735	148.49057455	160.744327400023
