line_code	NEH2_14	MOH2_14	ONH2_14	ILH1_14	NYH2_14	NYH1_14	WIH1_14
B73_NC230-040-1-1-1-1/LH198	173.391628855116	NA	NA	237.167121916185	232.703197540645	NA	245.673236078932
B73_NC230-041-1-1-1-1/LH198	143.391628855116	NA	NA	214.167121916185	202.203197540645	NA	239.673236078932
B73_NC230-059-1-1-1-1/LH198	171.891628855116	NA	NA	230.167121916185	232.203197540645	NA	255.173236078932
B73_NC230-129-1-1-1-1/LH198	161.933001372835	NA	NA	220.062186783539	209.703197540645	NA	244.173236078932
LH162/LH198	165.104617630637	NA	NA	225.552023430896	230.786009642905	252.794541698327	NA
LH82/LH198	131.862997078143	173.536546400107	184.950810352793	173.34691944306	174.787941958564	203.634173712501	201.697752254472
M0001/LH198	172.503631460624	208.005949413971	215.268789268982	212.933671430679	232.351509757325	NA	242.662122849772
M0003/LH198	173.503631460624	210.005949413971	230.768789268982	218.906134048128	236.851509757325	230.027202311792	236.817135828711
M0008/LH198	172.770510599759	223.005949413971	219.768789268982	209.192518875566	229.851509757325	242.516977571809	241.381328338948
M0012/LH198	166.003631460624	212.005949413971	234.268789268982	216.406134048128	229.851509757325	254.516977571809	237.381328338948
M0014/LH198	165.41066698772	199.505949413971	214.768789268982	200.942518875566	213.351509757325	233.516977571809	234.381328338948
M0015/LH198	NA	217.005949413971	220.768789268982	199.406134048128	233.851509757325	NA	237.806971594951
M0022/LH198	185.850041435875	208.505949413971	227.768789268982	209.906134048128	237.351509757325	NA	262.662122849772
M0024/LH198	199.003631460624	232.505949413971	251.268789268982	240.079095292836	252.351509757325	NA	264.381328338948
M0027/LH198	175.503631460624	219.505949413971	217.768789268982	213.406134048128	231.851509757325	NA	243.162122849772
M0028/LH198	166.003631460624	203.005949413971	212.768789268982	222.906134048128	229.351509757325	NA	237.317135828711
M0030/LH198	NA	200.005949413971	215.768789268982	227.906134048128	232.851509757325	240.148744018932	249.067135828711
M0033/LH198	177.503631460624	211.505949413971	236.768789268982	189.93367143068	234.851509757325	NA	243.662122849772
M0039/LH198	171.003631460624	217.005949413971	214.268789268982	210.406134048128	246.351509757325	235.027202311792	248.567135828711
M0041/LH198	191.850041435875	241.005949413971	233.268789268982	241.906134048128	253.851509757325	257.224343359793	263.631328338948
M0045/LH198	169.003631460624	196.505949413971	202.768789268982	196.906134048128	219.851509757325	239.516977571809	238.631328338948
M0051/LH198	186.003631460624	220.505949413971	224.768789268982	212.906134048128	233.851509757325	256.016977571809	247.631328338948
M0058/LH198	178.850041435875	204.505949413971	207.768789268982	225.406134048128	226.851509757325	NA	244.662122849772
M0061/LH198	174.003631460624	215.005949413971	221.768789268982	213.406134048128	214.351509757325	250.027202311792	231.317135828711
M0062/LH198	173.003631460624	200.505949413971	221.268789268982	214.406134048128	219.351509757325	NA	230.817135828711
M0077/LH198	181.503631460624	227.005949413971	242.768789268982	242.906134048128	254.851509757325	278.224343359793	268.09031116866
M0083/LH198	164.503631460624	185.505949413971	223.268789268982	204.563621587277	225.351509757325	242.516977571809	237.131328338948
M0085/LH198	190.850041435875	217.505949413971	227.268789268982	209.93367143068	226.351509757325	245.224343359793	236.756977835326
M0087/LH198	168.003631460624	204.005949413971	206.768789268982	220.406134048128	224.351509757325	239.516977571809	238.578268495182
M0101/LH198	186.503631460624	219.505949413971	243.768789268982	234.406134048128	244.851509757325	254.648744018932	258.067135828711
M0106/LH198	NA	233.005949413971	234.268789268982	232.906134048128	247.351509757325	NA	261.662122849772
M0114/LH198	166.503631460624	199.505949413971	216.768789268982	214.93367143068	221.851509757325	NA	232.162122849772
M0118/LH198	166.003631460624	196.005949413971	200.768789268982	201.401823833486	224.378371153358	254.598156759763	243.605010079549
M0143/LH198	176.003631460624	220.005949413971	212.768789268982	232.406134048128	233.351509757325	NA	247.381328338948
M0151/LH198	181.503631460624	211.005949413971	232.268789268982	165.906134048128	225.351509757325	211.270285726071	236.244935161849
M0154/LH198	169.003631460624	222.005949413971	222.268789268982	211.406134048128	241.665011833248	250.516977571809	243.131328338948
M0172/LH198	154.850041435875	211.005949413971	216.268789268982	209.906134048128	227.851509757325	242.516977571809	236.131328338948
M0186/LH198	169.003631460624	212.005949413971	219.268789268983	231.406134048128	221.351509757325	252.224343359793	240.381328338948
M0262/LH198	186.003631460624	200.505949413971	206.768789268982	220.906134048128	229.851509757325	260.353719151804	238.911601828515
M0266/LH198	160.882545348616	220.005949413971	226.268789268982	230.839339654907	230.851509757325	238.016977571809	245.631328338948
M0269/LH198	165.003631460624	218.505949413971	211.768789268982	230.906134048128	233.351509757325	249.016977571809	244.881328338948
M0272/LH198	177.157221485372	196.005949413971	231.768789268982	218.406134048128	228.851509757325	NA	238.162122849772
M0276/LH198	192.850041435875	199.005949413971	216.268789268982	221.406134048128	228.351509757325	NA	230.662122849772
M0287/LH198	188.003631460624	230.505949413971	244.768789268982	237.906134048128	246.351509757325	251.016977571809	266.131328338948
M0296/LH198	168.003631460624	217.005949413971	227.768789268982	214.906134048128	221.351509757325	242.516977571809	242.881328338948
M0297/LH198	165.003631460624	215.505949413971	237.768789268982	183.906134048128	228.851509757325	239.832860795371	254.274588377157
M0309/LH198	163.157221485372	202.505949413971	206.268789268982	NA	222.351509757325	219.148744018932	221.567135828711
M0311/LH198	175.157221485372	212.594987811669	225.768789268982	220.906134048128	237.351509757325	254.516977571809	255.131328338948
M0317/LH198	189.503631460624	206.005949413971	233.768789268982	219.906134048128	233.851509757325	249.516977571809	246.631328338948
M0323/LH198	185.114320134056	209.005949413971	229.76076206574	230.906134048128	240.851509757325	253.224343359793	244.857370681942
M0325/LH198	179.157221485372	230.505949413971	242.268789268982	242.906134048128	248.851509757325	265.224343359793	259.09031116866
M0326/LH198	180.503631460624	225.505949413971	231.768789268982	219.829095292836	244.851509757325	NA	250.131328338948
M0346/LH198	144.850041435875	219.505949413971	237.268789268982	220.406134048128	253.851509757325	269.809611783826	261.131328338948
M0354/LH198	158.831680838527	213.505949413971	228.268789268982	220.906134048128	225.351509757325	250.224343359793	241.131328338948
M0365/LH198	179.503631460624	214.505949413971	217.768789268982	227.406134048128	233.351509757325	NA	246.662122849772
M0369/LH198	107.003631460624	202.505949413971	203.768789268982	189.406134048128	226.351509757325	NA	242.662122849772
MO44_LH145_0127/LH198	182.891628855116	NA	NA	229.509719217217	240.203197540645	NA	246.673236078932
MO44_LH145_0138/LH198	181.850256337397	NA	NA	218.009719217217	230.703197540645	NA	238.173236078932
MO44_LH145_0143/LH198	179.891628855116	NA	NA	226.062186783539	244.203197540645	NA	255.673236078932
MO44_PHG47_0072/LH198	168.891628855116	NA	NA	205.562186783539	234.203197540645	NA	244.673236078932
MO44_PHG47_0125/LH198	173.391628855116	NA	NA	209.062186783539	223.203197540645	NA	221.673236078932
MO44_PHW65_0025/LH198	169.391628855116	NA	NA	234.062186783539	256.703197540645	NA	281.673236078932
MO44_PHW65_0035/LH198	180.850256337397	NA	NA	236.562186783539	238.703197540645	NA	262.173236078932
MO44_PHW65_0126/LH198	193.850256337397	NA	NA	227.062186783539	240.703197540645	NA	258.173236078932
MO44_PHW65_0193/LH198	169.391628855116	NA	NA	220.562186783539	229.203197540645	NA	236.673236078932
MOG_LH123HT-014-1-1-1-1-B/LH198	184.891628855116	NA	NA	265.562186783539	261.703197540645	NA	268.673236078932
MOG_LH123HT-031-1-1-1-1-B/LH198	197.891628855116	NA	NA	249.062186783539	263.203197540645	NA	285.173236078932
MOG_LH123HT-045-1-1-1-1-B/LH198	192.891628855116	NA	NA	242.562186783539	247.203197540645	NA	266.673236078932
MOG_LH145_0038/LH198	171.850256337397	NA	NA	233.562186783539	247.703197540645	NA	267.673236078932
MOG_LH145_0057/LH198	168.391628855116	NA	NA	236.062186783539	264.703197540645	NA	264.173236078932
MOG_LH145_0162/LH198	181.891628855116	NA	NA	232.562186783539	235.203197540645	NA	251.673236078932
MOG_LH145_0173/LH198	182.891628855116	NA	NA	240.562186783539	253.703197540645	NA	258.673236078932
MOG_LH145_0175/LH198	193.891628855116	NA	NA	237.062186783539	249.203197540645	NA	258.173236078932
MOG_MO45-030-1-1-1-1-B/LH198	184.933001372835	NA	NA	229.562186783539	254.703197540645	NA	267.673236078932
MOG_MO45-071-1-1-1-1-B/LH198	193.891628855116	NA	NA	241.062186783539	265.703197540645	NA	282.173236078932
MOG_MO45-074-1-1-1-1-B/LH198	172.850256337397	NA	NA	249.562186783539	265.203197540645	NA	274.673236078932
MOG_MO45-085-1-1-1-1-B/LH198	194.850256337397	NA	NA	222.562186783539	256.703197540645	NA	280.673236078932
MOG_MO45-128-1-1-1-1-B/LH198	197.850256337397	NA	NA	242.062186783539	268.203197540645	NA	278.673236078932
MOG_NC230-011-1-1-1-1-B/LH198	191.391628855116	NA	NA	240.562186783539	254.703197540645	NA	273.173236078932
MOG_NC230-183-1-1-1-1-B/LH198	179.891628855116	NA	NA	243.562186783539	256.703197540645	NA	270.673236078932
MOG_OH43_0170/LH198	188.850256337397	NA	NA	227.562186783539	235.703197540645	NA	249.173236078932
MOG_OH43_0367/LH198	179.391628855116	NA	NA	227.062186783539	247.703197540645	NA	254.173236078932
MOG_OH43_0439/LH198	198.850256337397	NA	NA	243.062186783539	262.703197540645	NA	261.673236078932
MOG_PHG83-090-1-1-1-1-B/LH198	174.850256337397	NA	NA	253.562186783539	260.203197540645	NA	280.673236078932
MOG_PHG83-224-1-1-1-1-B/LH198	191.391628855116	NA	NA	252.562186783539	268.703197540645	NA	265.673236078932
PHN11_LH145_0003/LH198	181.891628855116	NA	NA	211.062186783539	232.703197540645	NA	237.673236078932
PHN11_LH145_0005/LH198	176.391628855116	NA	NA	217.062186783539	229.703197540645	NA	248.173236078932
PHN11_LH145_0028/LH198	174.891628855116	NA	NA	203.562186783539	222.203197540645	NA	237.173236078932
PHN11_LH145_0062/LH198	174.891628855116	NA	NA	212.062186783539	220.703197540645	NA	217.173236078932
PHN11_LH145_0085/LH198	188.850256337397	NA	NA	233.062186783539	239.703197540645	NA	243.173236078932
PHN11_OH43_0001/LH198	189.391628855116	NA	NA	244.562186783539	264.203197540645	NA	267.173236078932
PHN11_OH43_0036/LH198	176.391628855116	NA	NA	222.167121916185	228.703197540645	NA	249.173236078932
PHN11_OH43_0075/LH198	175.891628855116	NA	NA	223.062186783539	248.203197540645	NA	252.673236078932
PHN11_OH43_0088/LH198	185.891628855116	NA	NA	224.562186783539	248.703197540645	NA	275.673236078932
PHN11_OH43_0142/LH198	183.391628855116	NA	NA	235.062186783539	235.703197540645	NA	266.173236078932
PHN11_OH43_0184/LH198	171.850256337397	NA	NA	227.062186783539	236.203197540645	NA	254.173236078932
PHN11_PHG47_0048/LH198	177.933001372835	NA	NA	207.062186783539	229.203197540645	NA	231.673236078932
PHN11_PHG47_0172/LH198	170.850256337397	NA	NA	217.562186783539	230.203197540645	NA	253.673236078932
PHN11_PHG47_0251/LH198	174.891628855116	NA	NA	224.062186783539	240.203197540645	NA	252.673236078932
PHN11_PHG47_0388/LH198	165.891628855116	NA	NA	228.062186783539	249.703197540645	NA	250.673236078932
PHN11_PHG47_0390/LH198	184.850256337397	NA	NA	239.562186783539	255.203197540645	NA	259.673236078932
PHN11_PHW65_0015/LH198	175.391628855116	NA	NA	225.062186783539	249.703197540645	NA	264.673236078932
PHN11_PHW65_0275/LH198	186.391628855116	NA	NA	225.062186783539	235.203197540645	NA	257.673236078932
PHN11_PHW65_0294/LH198	183.891628855116	NA	NA	232.062186783539	239.703197540645	NA	258.173236078932
PHN11_PHW65_0312/LH198	180.391628855116	NA	NA	217.562186783539	237.703197540645	NA	243.173236078932
PHN11_PHW65_0328/LH198	193.891628855116	NA	NA	233.562186783539	256.203197540645	NA	268.173236078932
PHN11_PHW65_0359/LH198	172.850256337397	NA	NA	216.562186783539	240.203197540645	NA	252.173236078932
PHW65_MOG_0137/LH198	190.391628855116	NA	NA	236.562186783539	244.203197540645	NA	267.673236078932
PHW65_MOG_0176/LH198	182.391628855116	NA	NA	220.562186783539	244.203197540645	NA	259.173236078932
PHW65_MOG_0293/LH198	195.850256337397	NA	NA	246.062186783539	248.203197540645	NA	264.673236078932
PHW65_MOG_0511/LH198	174.891628855116	NA	NA	219.562186783539	221.703197540645	NA	253.173236078932
TX303/LH198	169.104617630637	NA	NA	253.552023430896	261.637371381384	285.129136458927	NA
TX714/LH198	171.104617630637	NA	NA	216.738720133811	215.786009642905	234.463731219526	NA
TX772/LH198	191.104617630637	NA	NA	239.052023430896	249.069796889065	262.240668045793	NA
Z022E0003/LH198	169.024950574928	NA	230.137460939036	228.712740645209	249.328977658911	NA	247.364530886046
Z022E0005/LH198	165.024950574928	NA	231.601712032297	222.833049151205	233.731055183252	259.736915755411	242.788001656651
Z022E0008/LH198	182.024950574928	NA	231.637460939036	243.712740645209	252.880535802167	246.76051513567	259.432133964
Z022E0017/LH198	162.714203668934	NA	223.530214218819	239.552972024706	239.380535802167	259.76051513567	246.499737041954
Z022E0020/LH198	144.024950574928	NA	235.637460939036	225.552972024706	235.880535802167	256.689716994895	245.432133964
Z022E0023/LH198	172.024950574928	NA	232.137460939036	217.052972024706	209.380535802167	215.725116065282	221.932133964
Z022E0025/LH198	178.524950574928	NA	234.137460939036	230.552972024706	248.380535802167	NA	248.932133964
Z022E0027/LH198	166.524950574928	NA	222.637460939036	205.552972024706	220.880535802167	231.225116065282	229.432133964
Z022E0042/LH198	168.524950574928	NA	219.637460939036	220.712740645209	232.380535802167	250.76051513567	247.432133964
Z022E0044/LH198	169.024950574928	NA	236.137460939036	242.052972024706	240.380535802167	260.225116065282	257.432133964
Z022E0046/LH198	174.714203668934	NA	219.744707659254	238.712740645209	225.328977658911	247.689716994895	227.364530886046
Z022E0048/LH198	170.024950574928	NA	234.637460939036	222.166382484538	243.380535802167	246.725116065282	256.932133964
Z022E0050/LH198	173.524950574928	NA	215.637460939036	225.552972024706	235.380535802167	243.725116065282	244.432133964
Z022E0053/LH198	159.024950574928	NA	220.637460939036	224.052972024706	233.380535802167	241.225116065282	246.932133964
Z022E0059/LH198	180.524950574928	NA	230.637460939036	222.328180238329	235.880535802167	244.840610465885	246.593256906906
Z022E0072/LH198	184.524950574928	NA	244.137460939036	228.552972024706	242.380535802167	255.76051513567	234.432133964
Z022E0073/LH198	176.524950574928	NA	212.637460939036	222.166382484538	229.380535802167	NA	249.432133964
Z022E0077/LH198	NA	NA	224.137460939036	223.052972024706	236.880535802167	251.689716994895	235.932133964
Z022E0079/LH198	182.024950574928	NA	218.137460939036	231.552972024706	252.380535802167	258.76051513567	241.932133964
Z022E0095/LH198	180.024950574928	NA	216.637460939036	221.712740645209	225.380535802167	241.225116065282	236.432133964
Z022E0097/LH198	162.524950574928	NA	255.137460939036	230.052972024706	242.880535802167	259.725116065282	259.432133964
Z022E0105/LH198	188.024950574928	NA	224.637460939036	236.052972024706	243.880535802167	251.76051513567	250.932133964
Z022E0108/LH198	174.524950574928	NA	223.637460939036	229.052972024706	238.380535802167	257.76051513567	240.932133964
Z022E0110/LH198	172.524950574928	NA	216.137460939036	217.052972024706	235.880535802167	251.76051513567	231.932133964
Z022E0114/LH198	185.335697480921	NA	239.637460939036	230.052972024706	242.380535802167	255.725116065282	255.432133964
Z022E0123/LH198	169.714203668934	NA	222.637460939036	209.052972024706	240.880535802167	236.225116065282	242.932133964
Z022E0134/LH198	157.524950574928	NA	227.637460939036	222.552972024706	221.380535802167	250.76051513567	235.932133964
Z022E0142/LH198	179.024950574928	NA	216.137460939036	219.552972024706	225.880535802167	241.76051513567	241.932133964
Z022E0160/LH198	148.024950574928	NA	212.637460939036	205.052972024706	212.380535802167	223.76051513567	250.932133964
Z022E0166/LH198	178.524950574928	NA	212.637460939036	216.052972024706	228.380535802167	234.225116065282	227.932133964
