line_code	MOH2_14	ILH1_14	IAH1a_14	ONH2_14	NYH2_14	NEH2_14	MNH1_14	WIH1_14
B73_NC230-040-1-1-1-1/LH198	NA	70.1711606699918	71.2805152094596	NA	77.5370350783231	80.6657892207253	NA	85.0650443226187
B73_NC230-041-1-1-1-1/LH198	NA	68.1711606699918	73.9662253089315	NA	77.5370350783231	81.6657892207253	NA	80.5650443226187
B73_NC230-059-1-1-1-1/LH198	NA	73.1711606699918	74.9662253089315	NA	77.0370350783231	79.1657892207253	NA	84.0650443226187
B73_NC230-129-1-1-1-1/LH198	NA	71.3938911338819	70.7805152094596	NA	74.0370350783231	82.208920798585	NA	82.0650443226187
CG104/LH198	NA	61.3725543355209	62.8766829553257	60.9999999999999	NA	68.4798273356809	71.9776201477596	NA
CGR01/LH198	NA	NA	65.1701456734905	61.0110254358341	NA	73.1469511808184	73.9952324235221	NA
CGR03/LH198	NA	66.3725543355209	65.8766829553257	65.9999999999999	NA	73.9798273356809	74.9864262856408	NA
LH162/LH198	NA	62.7666688122368	64.0275524264348	NA	64.4259298433509	71.8004424964485	NA	NA
LH82/LH198	56.9922584420921	65.3819377592015	68.1645462030984	66.4999999999999	70.3318010685567	73.166117300859	76.812013088582	76.4915672600886
M0001/LH198	62.015483115816	68.9408624798294	70.3012813877578	68.9999999999999	70.629698791102	78.2971148275115	NA	78.890546607232
M0003/LH198	62.015483115816	69.1589031634576	69.7329373002824	68.9999999999999	71.129698791102	80.7971148275115	79.3037244559059	79.4802275501808
M0008/LH198	61.015483115816	69.4057417222674	68.0216219263655	68.9999999999999	72.129698791102	77.6543193927867	76.1954463903549	79.5720597208708
M0012/LH198	60.515483115816	67.1589031634575	68.1111756474105	67.9999999999999	69.629698791102	73.7971148275115	76.1954463903549	79.0720597208708
M0014/LH198	60.515483115816	67.9057417222674	68.6947221941163	67.4999999999999	68.629698791102	75.5115239580619	77.1954463903549	78.5720597208708
M0015/LH198	62.015483115816	68.9408624798294	69.7329373002824	68.9999999999999	70.629698791102	NA	77.5897665082962	79.7261929888261
M0022/LH198	63.515483115816	72.6589031634575	70.2329373002824	68.9999999999999	70.629698791102	81.7267069337474	NA	79.890546607232
M0024/LH198	61.515483115816	69.7459577618416	69.1213846922412	68.9999999999999	71.629698791102	81.7971148275115	78.1954463903549	79.0720597208708
M0027/LH198	60.015483115816	65.6589031634575	68.7329373002824	66.4999999999999	69.629698791102	78.7971148275115	NA	76.390546607232
M0028/LH198	61.015483115816	67.6589031634575	69.2329373002824	68.9999999999999	69.629698791102	75.7971148275115	79.3037244559059	79.4802275501808
M0030/LH198	61.515483115816	68.1589031634575	70.7329373002824	68.9999999999999	69.629698791102	NA	76.8037244559059	78.9802275501808
M0033/LH198	62.015483115816	68.9408624798294	70.2329373002824	69.4999999999999	70.129698791102	81.2971148275115	NA	79.890546607232
M0039/LH198	62.515483115816	67.1589031634576	69.2329373002824	69.9999999999999	70.129698791102	76.2971148275115	80.0176824035156	78.9802275501808
M0041/LH198	63.015483115816	68.6589031634575	69.7889332970921	69.4999999999999	70.629698791102	81.7267069337474	81.6954463903549	79.8220597208708
M0045/LH198	62.515483115816	68.1589031634575	71.7329373002824	68.9999999999999	69.629698791102	80.8675227212756	80.5661206704284	79.0720597208708
M0051/LH198	60.015483115816	69.1589031634576	69.5731053408298	67.9999999999999	69.629698791102	74.2971148275115	77.6954463903549	78.5720597208708
M0058/LH198	61.015483115816	67.6589031634575	69.7329373002824	68.9999999999999	69.629698791102	80.7267069337474	NA	76.890546607232
M0061/LH198	61.515483115816	67.6589031634576	71.2329373002824	68.9999999999999	69.629698791102	81.2971148275115	77.3037244559059	78.4802275501808
M0062/LH198	60.515483115816	67.6589031634576	67.7329373002824	68.9999999999999	70.629698791102	78.7971148275115	78.0176824035156	78.9802275501808
M0077/LH198	63.015483115816	69.6589031634575	71.7889332970921	71.4999999999999	71.629698791102	78.7971148275115	84.8247721102815	80.711194368116
M0083/LH198	60.515483115816	68.8982500580003	69.7218591604898	68.9999999999999	69.629698791102	71.8675227212756	76.6954463903549	78.3220597208708
M0085/LH198	61.515483115816	68.9408624798294	69.0389332970921	68.9999999999999	69.629698791102	72.7267069337474	76.8247721102815	78.711194368116
M0087/LH198	59.015483115816	66.1589031634575	67.3611756474105	65.4999999999999	69.629698791102	76.2971148275115	74.4695250614085	77.4046759782904
M0101/LH198	62.015483115816	68.1589031634575	69.2329373002824	68.9999999999999	70.629698791102	76.7971148275115	76.8037244559059	78.7302275501808
M0106/LH198	62.015483115816	69.1589031634576	69.3012813877578	68.9999999999999	70.629698791102	NA	NA	78.890546607232
M0114/LH198	61.015483115816	68.9408624798294	69.2329373002824	68.9999999999999	70.129698791102	80.7971148275115	NA	79.390546607232
M0118/LH198	59.015483115816	69.6865409683309	69.6609450095755	69.4999999999999	70.3807250744498	76.7971148275115	79.1954463903549	79.3116639085314
M0143/LH198	62.015483115816	68.6589031634575	69.7889332970921	70.9999999999999	70.129698791102	79.2971148275115	78.6954463903549	80.3220597208708
M0151/LH198	61.515483115816	60.9408624798294	69.7889332970921	68.9999999999999	69.629698791102	78.7971148275115	77.9995854231304	78.571342644957
M0154/LH198	60.015483115816	66.6589031634576	68.3611756474105	67.9999999999999	69.2047858775002	75.7971148275115	77.6954463903549	78.3220597208708
M0172/LH198	61.515483115816	67.6589031634576	69.2329373002824	67.9999999999999	69.629698791102	75.7267069337474	77.1954463903549	78.3220597208708
M0186/LH198	62.015483115816	66.6589031634575	69.5389332970921	68.9999999999999	69.629698791102	81.2971148275115	76.1954463903549	79.3220597208708
M0262/LH198	62.015483115816	69.1589031634575	69.3611756474105	68.9999999999999	70.629698791102	78.7971148275115	78.9995854231304	79.7380093116237
M0266/LH198	62.515483115816	69.5966515096147	69.5280555274496	68.9999999999999	71.129698791102	77.6665206148808	78.6954463903549	79.5720597208708
M0269/LH198	61.515483115816	68.6589031634575	70.6388164514257	70.9999999999999	72.129698791102	78.7971148275115	77.5661206704284	80.5720597208708
M0272/LH198	62.515483115816	67.1589031634575	71.7329373002824	68.9999999999999	70.629698791102	75.8675227212756	78.5897665082962	78.890546607232
M0276/LH198	61.015483115816	68.1589031634575	68.7329373002824	68.4999999999999	69.629698791102	72.7267069337474	NA	78.890546607232
M0287/LH198	63.515483115816	72.1589031634576	69.5389332970921	69.9999999999999	73.629698791102	81.7971148275115	80.6954463903549	80.3220597208708
M0296/LH198	62.515483115816	69.6589031634576	70.7329373002824	69.9999999999999	72.629698791102	75.7971148275115	79.1954463903549	79.5720597208708
M0297/LH198	62.015483115816	70.9408624798294	71.1111756474105	67.9999999999999	74.129698791102	78.7971148275115	80.8028583947418	80.4061140235456
M0309/LH198	61.015483115816	NA	68.3764272142501	68.4999999999999	70.629698791102	80.8675227212756	77.3037244559059	77.9802275501808
M0311/LH198	62.859518508544	68.6589031634576	69.4267031256117	68.9999999999999	71.629698791102	80.8675227212756	77.1954463903549	80.5720597208708
M0317/LH198	62.015483115816	69.6589031634575	70.0389332970921	69.9999999999999	71.129698791102	76.2971148275115	78.8247721102815	78.8220597208708
M0323/LH198	62.015483115816	67.1589031634576	69.5389332970921	69.6703418119446	70.629698791102	74.0537018267239	77.8046423763962	79.3972313273803
M0325/LH198	61.015483115816	68.6589031634576	69.3611756474105	68.9999999999999	71.629698791102	74.8675227212756	77.8247721102815	79.711194368116
M0326/LH198	63.015483115816	69.0502728957136	69.5706309988508	68.9999999999999	71.629698791102	81.2971148275115	77.5661206704284	80.3220597208708
M0346/LH198	62.015483115816	68.6589031634575	68.5389332970921	68.9999999999999	69.629698791102	75.7267069337474	77.1954463903549	79.5720597208708
M0354/LH198	62.015483115816	68.1589031634576	69.7889332970921	68.9999999999999	69.629698791102	80.6069142238105	76.5661206704284	79.5720597208708
M0365/LH198	64.015483115816	69.6589031634575	70.7329373002824	70.9999999999999	71.129698791102	76.7971148275115	NA	79.390546607232
M0369/LH198	61.515483115816	69.1589031634576	69.3012813877578	68.9999999999999	70.629698791102	81.7971148275115	NA	78.890546607232
MO44_LH145_0127/LH198	NA	64.005256365827	64.3852785096357	NA	68.5370350783231	73.6657892207253	NA	73.5650443226187
MO44_LH145_0138/LH198	NA	67.505256365827	68.0519451763024	NA	69.5370350783231	79.1226576428655	NA	78.5650443226187
MO44_LH145_0143/LH198	NA	65.3938911338819	66.7805152094596	NA	69.5370350783231	76.6657892207253	NA	77.5650443226187
MO44_PHG47_0072/LH198	NA	64.8938911338819	66.2805152094596	NA	69.5370350783231	78.6657892207253	NA	79.0650443226187
MO44_PHG47_0125/LH198	NA	63.8938911338819	64.9662253089315	NA	67.0370350783231	74.6657892207253	NA	75.0650443226187
MO44_PHW65_0025/LH198	NA	64.8938911338819	67.7805152094596	NA	69.5370350783231	78.1657892207253	NA	79.0485982646635
MO44_PHW65_0035/LH198	NA	70.3938911338819	67.2805152094596	NA	73.0370350783231	80.1226576428655	NA	77.5650443226187
MO44_PHW65_0075/LH198	NA	65.3938911338819	67.2805152094596	NA	69.5370350783231	NA	NA	79.0650443226187
MO44_PHW65_0126/LH198	NA	66.8938911338819	67.2805152094596	NA	69.5370350783231	80.1226576428655	NA	79.0650443226187
MO44_PHW65_0193/LH198	NA	65.3938911338819	66.9662253089315	NA	69.5370350783231	78.1657892207253	NA	78.0650443226187
MOG_LH123HT-014-1-1-1-1-B/LH198	NA	68.8938911338819	67.2805152094596	NA	70.0370350783231	82.208920798585	NA	79.0650443226187
MOG_LH123HT-031-1-1-1-1-B/LH198	NA	67.3938911338819	70.7805152094596	NA	73.0370350783231	77.6657892207253	NA	79.0650443226187
MOG_LH123HT-045-1-1-1-1-B/LH198	NA	69.8938911338819	67.2805152094596	NA	75.0370350783231	79.1226576428655	NA	81.0650443226187
MOG_LH145_0038/LH198	NA	65.8938911338819	65.7805152094597	NA	69.5370350783231	75.1226576428655	NA	78.0650443226187
MOG_LH145_0057/LH198	NA	67.8938911338819	68.2805152094596	NA	70.5370350783231	76.6657892207253	NA	80.0650443226187
MOG_LH145_0162/LH198	NA	65.3938911338819	66.7805152094596	NA	69.5370350783231	75.6657892207253	NA	78.5650443226187
MOG_LH145_0173/LH198	NA	66.8938911338819	67.7805152094596	NA	68.5370350783231	78.6657892207253	NA	79.0650443226187
MOG_LH145_0175/LH198	NA	67.3938911338819	68.9662253089315	NA	70.5370350783231	77.6657892207253	NA	78.5650443226187
MOG_MO45-030-1-1-1-1-B/LH198	NA	65.3938911338819	70.7805152094596	NA	71.0370350783231	75.208920798585	NA	78.5650443226187
MOG_MO45-071-1-1-1-1-B/LH198	NA	67.8938911338819	69.7805152094596	NA	74.0370350783231	75.6657892207253	NA	80.0650443226187
MOG_MO45-074-1-1-1-1-B/LH198	NA	71.3938911338819	68.9662253089315	NA	74.5370350783231	74.1226576428655	NA	81.5650443226187
MOG_MO45-085-1-1-1-1-B/LH198	NA	66.8938911338819	68.7805152094596	NA	69.5370350783231	80.1226576428655	NA	78.5650443226187
MOG_MO45-128-1-1-1-1-B/LH198	NA	67.8938911338819	68.2805152094596	NA	70.5370350783231	80.1226576428655	NA	79.0650443226187
MOG_NC230-011-1-1-1-1-B/LH198	NA	68.8938911338819	67.7805152094597	NA	71.0370350783231	80.6657892207253	NA	79.0650443226187
MOG_NC230-183-1-1-1-1-B/LH198	NA	70.3938911338819	68.7805152094596	NA	71.0370350783231	76.1657892207253	NA	81.0485982646635
MOG_OH43_0170/LH198	NA	65.3938911338819	65.2805152094596	NA	69.5370350783231	80.1226576428655	NA	77.0485982646635
MOG_OH43_0367/LH198	NA	65.8938911338819	66.7805152094596	NA	67.0370350783231	77.6657892207253	NA	79.0485982646635
MOG_OH43_0439/LH198	NA	68.3938911338819	69.2805152094596	NA	69.5370350783231	71.1226576428655	NA	77.0650443226187
MOG_PHG83-090-1-1-1-1-B/LH198	NA	69.3938911338819	68.2805152094596	NA	71.0370350783231	80.1226576428655	NA	79.5650443226187
MOG_PHG83-224-1-1-1-1-B/LH198	NA	66.3938911338819	67.7805152094596	NA	69.5370350783231	78.6657892207253	NA	78.5650443226187
PHN11_LH145_0003/LH198	NA	65.1711606699918	66.7805152094596	NA	68.5370350783231	72.6657892207253	NA	74.5650443226187
PHN11_LH145_0005/LH198	NA	63.8938911338819	65.9662253089315	NA	68.5370350783231	76.6657892207253	NA	74.0485982646635
PHN11_LH145_0028/LH198	NA	63.8938911338819	65.7805152094597	NA	66.0370350783231	72.1657892207253	NA	75.5650443226187
PHN11_LH145_0062/LH198	NA	64.8938911338819	64.7805152094597	NA	66.0370350783231	73.1657892207253	NA	75.0650443226187
PHN11_LH145_0085/LH198	NA	63.3938911338819	65.7805152094596	NA	68.5370350783231	75.1226576428655	NA	76.0650443226187
PHN11_OH43_0001/LH198	NA	66.1711606699918	66.7805152094596	NA	68.5370350783231	80.6657892207253	NA	75.5650443226187
PHN11_OH43_0036/LH198	NA	65.1711606699918	64.9662253089315	NA	67.0370350783231	78.1657892207253	NA	77.0485982646635
PHN11_OH43_0075/LH198	NA	65.8938911338819	65.7805152094596	NA	68.5370350783231	76.6657892207253	NA	77.5650443226187
PHN11_OH43_0088/LH198	NA	64.3938911338819	67.2805152094596	NA	68.5370350783231	80.1657892207253	NA	79.0650443226187
PHN11_OH43_0142/LH198	NA	65.3938911338819	66.2805152094596	NA	68.5370350783231	78.6657892207253	NA	76.0650443226187
PHN11_OH43_0184/LH198	NA	63.8938911338819	65.2805152094596	NA	66.0370350783231	71.1226576428655	NA	76.0650443226187
PHN11_PHG47_0048/LH198	NA	67.8938911338819	66.7805152094597	NA	71.0370350783231	76.208920798585	NA	77.5650443226187
PHN11_PHG47_0172/LH198	NA	64.8938911338819	65.7805152094597	NA	69.5370350783231	71.1226576428655	NA	77.0650443226187
PHN11_PHG47_0251/LH198	NA	63.8938911338819	64.9662253089315	NA	69.5370350783231	73.6657892207253	NA	75.0650443226187
PHN11_PHG47_0388/LH198	NA	65.3938911338819	66.2805152094596	NA	68.5370350783231	73.208920798585	NA	79.0650443226187
PHN11_PHG47_0390/LH198	NA	66.8938911338819	66.2805152094596	NA	69.5370350783231	71.1226576428655	NA	78.5650443226187
PHN11_PHW65_0015/LH198	NA	64.8938911338819	66.2805152094596	NA	68.5370350783231	72.1657892207253	NA	79.0650443226187
PHN11_PHW65_0275/LH198	NA	66.3938911338819	67.7805152094596	NA	71.0370350783231	80.6657892207252	NA	79.0650443226187
PHN11_PHW65_0294/LH198	NA	65.8938911338819	66.7805152094596	NA	69.5370350783231	73.1657892207253	NA	78.5650443226187
PHN11_PHW65_0312/LH198	NA	67.3938911338819	66.7805152094597	NA	69.5370350783231	73.6657892207253	NA	75.5650443226187
PHN11_PHW65_0328/LH198	NA	65.8938911338819	67.2805152094596	NA	70.0370350783231	79.6657892207253	NA	80.0650443226187
PHN11_PHW65_0359/LH198	NA	66.3938911338819	66.7805152094596	NA	70.5370350783231	71.1226576428655	NA	78.5650443226187
PHW65_MOG_0137/LH198	NA	67.3938911338819	68.2805152094596	NA	70.5370350783231	76.1657892207253	NA	78.5650443226187
PHW65_MOG_0176/LH198	NA	65.8938911338819	66.2805152094596	NA	68.5370350783231	78.1657892207253	NA	79.0650443226187
PHW65_MOG_0293/LH198	NA	66.3938911338819	67.2805152094596	NA	70.5370350783231	80.1226576428655	NA	78.5650443226187
PHW65_MOG_0511/LH198	NA	64.3938911338819	64.2805152094596	NA	67.5370350783231	76.6657892207253	NA	75.0650443226187
TX303/LH198	NA	68.7666688122368	71.5275524264348	NA	75.901217538421	80.8004424964485	NA	NA
TX714/LH198	NA	71.4035541913348	69.7963596299447	NA	76.9259298433508	73.8004424964485	NA	NA
TX772/LH198	NA	68.0166688122368	67.6171548276048	NA	71.2510257417076	74.8004424964485	NA	NA
W10005_0029/LH198	NA	64.5565733423218	65.8766829553257	66.9889745641656	NA	68.8127034905434	72.9952324235221	NA
W10005_0037/LH198	NA	65.5565733423218	66.8766829553257	66.9999999999999	NA	76.4798273356809	74.9952324235221	NA
W10005_0107/LH198	NA	65.5565733423218	66.3766829553257	67.4999999999999	NA	73.9798273356809	73.4864262856409	NA
W10005_0147/LH198	NA	64.4669847464024	65.3766829553257	67.9999999999999	NA	71.7298273356809	73.7320232167002	NA
W10005_0220/LH198	NA	65.3197695409617	66.0179904116928	68.2444872820828	NA	75.8962654131121	74.9820232167002	NA
Z013E0006/LH198	NA	69.1525802810773	71.8618152875278	NA	71.5370350783235	81.5115239580619	NA	NA
Z013E0022/LH198	NA	69.6525802810773	69.8618152875278	NA	74.0370350783235	81.0115239580619	NA	NA
Z013E0028/LH198	NA	68.1525802810773	70.3618152875278	NA	76.5370350783235	78.5115239580619	NA	NA
Z013E0034/LH198	NA	71.6525802810773	71.8618152875278	NA	73.5370350783235	78.0115239580619	NA	NA
Z013E0046/LH198	NA	70.4721482019291	73.3618152875278	NA	77.0370350783235	82.0115239580619	NA	NA
Z013E0063/LH198	NA	70.1525802810773	70.8618152875278	NA	73.5370350783235	77.4167136201096	NA	NA
Z013E0072/LH198	NA	71.1525802810773	69.3618152875278	NA	73.5370350783235	79.6063342960143	NA	NA
Z013E0073/LH198	NA	71.1525802810773	72.3618152875278	NA	78.0370350783235	74.5115239580619	NA	NA
Z013E0079/LH198	NA	70.6525802810773	69.8618152875278	NA	71.0370350783235	81.0115239580619	NA	NA
Z013E0087/LH198	NA	70.6525802810773	70.8618152875278	NA	74.0370350783235	77.0115239580619	NA	NA
Z013E0090/LH198	NA	69.6525802810773	68.8618152875278	NA	73.0370350783235	78.0115239580619	NA	NA
Z022E0003/LH198	NA	66.1612455445841	66.5862986942353	68.9999999999999	70.228175559889	80.4212791668356	76.9136288283123	80.9404933016636
Z022E0005/LH198	NA	69.5482929002464	67.7725719975326	68.3296581880551	71.6645769473932	80.2756825085226	79.6962712370238	79.8268848733372
Z022E0008/LH198	NA	69.1612455445841	70.2260036717083	68.9999999999999	71.5554766005172	76.9212791668356	79.9136288283123	80.1052869804188
Z022E0017/LH198	NA	68.4515310613308	68.7260036717082	68.9889745641656	70.5554766005172	75.2756825085226	78.565701602178	79.270080659174
Z022E0020/LH198	NA	66.9515310613309	66.5862986942353	67.4999999999999	69.5554766005172	78.4212791668356	75.9136288283123	73.6052869804188
Z022E0023/LH198	NA	68.4515310613309	69.2260036717082	68.9999999999999	71.0554766005172	78.4212791668356	79.4136288283123	79.1052869804188
Z022E0025/LH198	NA	66.4515310613308	66.5862986942353	67.9999999999999	69.5554766005172	80.2756825085226	76.4136288283123	76.6052869804188
Z022E0027/LH198	NA	67.9515310613309	67.7260036717082	68.4999999999999	70.5554766005172	75.9212791668356	78.9136288283123	79.6052869804188
Z022E0042/LH198	NA	69.1612455445841	69.5862986942353	68.9999999999999	72.0554766005172	74.4212791668356	78.9136288283123	79.1052869804188
Z022E0044/LH198	NA	68.4515310613308	68.7260036717082	69.9999999999999	74.0554766005172	75.4212791668356	80.9136288283123	80.1052869804188
Z022E0046/LH198	NA	70.1612455445841	68.5862986942353	69.0110254358341	70.228175559889	81.2756825085226	77.565701602178	78.9404933016636
Z022E0048/LH198	NA	69.8816262335798	68.7725719975326	68.9999999999999	69.5554766005172	77.4212791668356	77.9136288283123	80.1052869804188
Z022E0050/LH198	NA	66.9515310613308	66.5862986942353	67.9999999999999	69.5554766005172	80.5668758251487	76.9136288283123	77.6052869804188
Z022E0053/LH198	NA	68.9515310613308	67.7260036717082	68.9999999999999	69.5554766005171	80.9212791668356	77.4136288283123	79.1052869804188
Z022E0059/LH198	NA	67.7600019899158	68.7260036717082	70.9999999999999	74.0554766005172	75.9212791668356	77.4898747493703	79.1299713797769
Z022E0072/LH198	NA	65.4515310613309	65.7260036717082	66.9999999999999	67.5554766005172	77.9212791668356	76.4136288283123	74.6052869804188
Z022E0073/LH198	NA	69.5482929002464	68.7725719975326	68.9999999999999	70.0554766005172	75.9212791668356	79.4136288283123	79.1052869804188
Z022E0077/LH198	NA	67.4515310613308	67.7260036717082	69.4999999999999	69.5554766005172	NA	77.4136288283123	77.1052869804188
Z022E0079/LH198	NA	67.9515310613309	67.7260036717082	68.4999999999999	69.5554766005172	77.9212791668356	76.4136288283123	80.1052869804188
Z022E0095/LH198	NA	68.1612455445841	68.5862986942353	68.9999999999999	69.5554766005172	81.4212791668356	80.4136288283123	80.1052869804188
Z022E0097/LH198	NA	69.4515310613309	68.2260036717082	69.4999999999999	71.5554766005172	80.9212791668356	80.9136288283123	79.1052869804188
Z022E0105/LH198	NA	69.4515310613308	70.2260036717082	69.9999999999999	71.0554766005172	80.9212791668356	79.4136288283123	80.1052869804188
Z022E0108/LH198	NA	70.4515310613309	68.5862986942353	70.9999999999999	71.0554766005172	75.9212791668356	79.4136288283123	80.6052869804188
Z022E0110/LH198	NA	67.4515310613309	67.5862986942353	68.9999999999999	69.5554766005171	78.4212791668356	77.9136288283123	78.6052869804188
Z022E0114/LH198	NA	68.4515310613308	68.2260036717082	68.4999999999999	74.0554766005172	76.5668758251487	80.9136288283123	78.1052869804188
Z022E0123/LH198	NA	66.9515310613308	68.2260036717082	68.9999999999999	69.5554766005171	80.2756825085226	78.9136288283123	79.6052869804188
Z022E0134/LH198	NA	68.4515310613308	69.7260036717082	69.4999999999999	70.0554766005172	77.9212791668356	78.4136288283123	78.1052869804188
Z022E0142/LH198	NA	66.9515310613308	67.7260036717082	68.9999999999999	71.0554766005172	78.9212791668356	78.4136288283123	80.1052869804188
Z022E0160/LH198	NA	67.9515310613308	68.2260036717082	68.9999999999999	74.5554766005172	78.9212791668356	78.9136288283123	78.6052869804188
Z022E0166/LH198	NA	68.4515310613308	67.2260036717082	67.9999999999999	70.0554766005172	77.9212791668356	77.9136288283123	77.6052869804188
