line_code	NEH2_14	ONH2_14	MOH2_14	NYH2_14	ILH1_14	NYH1_14	WIH1_14
B73_NC230-040-1-1-1-1/LH198	100.854430511244	NA	NA	126.980994803759	118.589006581597	NA	138.963149831824
B73_NC230-041-1-1-1-1/LH198	84.8544305112441	NA	NA	103.980994803759	113.589006581597	NA	134.463149831824
B73_NC230-059-1-1-1-1/LH198	92.8544305112441	NA	NA	119.480994803759	109.589006581597	NA	136.463149831824
B73_NC230-129-1-1-1-1/LH198	87.7386237539277	NA	NA	100.980994803759	116.238761739643	NA	137.463149831824
LH162/LH198	84.2577680165722	NA	NA	105.684112838679	116.947060340102	108.179733160646	NA
LH82/LH198	64.9086702439391	76	84.4532872544831	81.0888461740961	84.2019800915173	107.179733160646	107.03305364917
M0001/LH198	96.3932493979948	97.5	104.287463049336	106.462404480142	105.726090575319	NA	110.31119993349
M0003/LH198	96.8932493979948	104.5	105.287463049336	108.462404480142	111.873210828651	116.179733160646	128.854487540004
M0008/LH198	97.4891015179903	93	124.787463049336	104.962404480142	98.030940666865	121.499999999983	135.1311630338
M0012/LH198	91.3932493979948	109.5	109.287463049336	103.462404480142	110.373210828651	123.999999999983	124.6311630338
M0014/LH198	94.205167577673	88	100.787463049336	100.962404480142	101.030940666865	112.999999999983	116.1311630338
M0015/LH198	NA	105.5	117.787463049336	115.962404480142	100.873210828651	NA	121.685436181639
M0022/LH198	96.3409033389419	102.5	98.7874630493362	114.962404480142	104.873210828651	NA	133.81119993349
M0024/LH198	111.393249397995	111	114.287463049336	121.462404480142	126.250633156888	NA	136.1311630338
M0027/LH198	96.3932493979948	90	111.787463049336	109.462404480142	106.373210828651	NA	122.31119993349
M0028/LH198	92.3932493979948	99.5	98.2874630493362	108.462404480142	117.873210828651	NA	131.354487540004
M0030/LH198	NA	96	95.2874630493362	115.962404480142	117.373210828651	118.999999999983	134.354487540004
M0033/LH198	99.3932493979948	119.5	103.787463049336	112.462404480142	120.726090575319	NA	121.81119993349
M0039/LH198	99.3932493979948	109.5	125.787463049336	121.962404480142	113.373210828651	116.179733160646	132.354487540004
M0041/LH198	109.340903338942	101	127.287463049336	118.962404480142	123.873210828651	119.179733160646	138.3811630338
M0045/LH198	92.3932493979948	94.5	106.787463049336	108.462404480142	96.8732108286509	123.499999999983	126.3811630338
M0051/LH198	102.893249397995	101.5	105.787463049336	106.962404480142	99.3732108286509	150.499999999983	121.1311630338
M0058/LH198	95.3409033389419	88.5	96.7874630493362	104.962404480142	111.873210828651	NA	132.81119993349
M0061/LH198	93.3932493979948	94.5	104.287463049336	96.4624044801425	106.873210828651	173.179733160646	118.854487540004
M0062/LH198	96.3932493979948	89.5	106.287463049336	98.4624044801425	111.873210828651	NA	118.854487540004
M0077/LH198	87.8932493979948	119	116.287463049336	121.462404480142	129.373210828651	142.179733160646	133.585041840538
M0083/LH198	89.3932493979948	90.5	96.7874630493362	112.962404480142	112.255584246428	123.999999999983	124.1311630338
M0085/LH198	104.340903338942	96	112.787463049336	112.962404480142	104.726090575319	117.179733160646	126.585041840538
M0087/LH198	90.3932493979948	103	87.2874630493362	107.462404480142	111.873210828651	113.999999999983	120.386700404706
M0101/LH198	105.393249397995	120	124.787463049336	118.962404480142	121.373210828651	138.999999999983	134.104487540004
M0106/LH198	NA	108.5	107.787463049336	114.962404480142	113.873210828651	NA	136.81119993349
M0114/LH198	96.8932493979948	103.5	100.287463049336	101.962404480142	106.726090575319	NA	125.81119993349
M0118/LH198	98.8932493979948	90	101.787463049336	116.09291953053	106.053486464358	143.273422279762	142.923284470363
M0143/LH198	107.893249397995	102	118.287463049336	116.462404480142	126.373210828651	NA	137.6311630338
M0151/LH198	95.8932493979948	105	108.787463049336	106.962404480142	85.3732108286509	94.8202668393204	120.386700404706
M0154/LH198	100.393249397995	103	110.787463049336	115.721474236235	106.373210828651	117.499999999983	124.6311630338
M0172/LH198	86.3409033389419	95	102.787463049336	100.962404480142	93.8732108286509	115.999999999983	115.1311630338
M0186/LH198	92.3932493979948	99	98.7874630493362	100.462404480142	113.873210828651	127.179733160646	122.3811630338
M0262/LH198	96.8932493979948	87	94.7874630493362	111.462404480142	105.373210828651	123.059911053538	117.720033738039
M0266/LH198	86.1071880623421	99.5	103.287463049336	108.962404480142	111.831902394112	116.499999999983	120.3811630338
M0269/LH198	93.8932493979948	95	109.287463049336	115.962404480142	114.373210828651	124.499999999983	127.6311630338
M0272/LH198	99.4455954570477	111.5	91.7874630493362	108.962404480142	110.373210828651	NA	118.81119993349
M0276/LH198	99.3409033389419	95.5	111.287463049336	113.962404480142	112.373210828651	NA	115.31119993349
M0287/LH198	106.893249397995	122.5	127.287463049336	128.962404480142	125.873210828651	130.999999999983	151.1311630338
M0296/LH198	92.8932493979948	98.5	106.787463049336	100.962404480142	107.373210828651	111.499999999983	125.1311630338
M0297/LH198	99.3932493979948	119	118.287463049336	108.462404480142	95.8732108286509	121.999999999983	134.37725875006
M0309/LH198	97.4455954570477	132	110.787463049336	100.462404480142	NA	103.999999999983	108.104487540004
M0311/LH198	96.4455954570477	85.5	101.150896348652	117.962404480142	119.873210828651	123.499999999983	131.6311630338
M0317/LH198	98.8932493979948	107.5	89.2874630493362	108.462404480142	105.373210828651	128.999999999983	119.8811630338
M0323/LH198	96.7145587144328	110	114.287463049336	119.962404480142	118.873210828651	132.179733160646	128.02676934346
M0325/LH198	100.445595457048	115.5	130.287463049336	126.462404480142	127.873210828651	136.179733160646	139.251708507204
M0326/LH198	104.893249397995	112.5	127.287463049336	126.962404480142	123.250633156888	NA	130.6311630338
M0346/LH198	77.3409033389419	104	106.287463049336	119.962404480142	111.373210828651	139.82026683932	131.8811630338
M0354/LH198	95.844841944112	114	117.287463049336	117.462404480142	123.373210828651	136.179733160646	134.8811630338
M0365/LH198	100.393249397995	95	96.2874630493362	114.962404480142	113.373210828651	NA	130.31119993349
M0369/LH198	63.8932493979948	103	105.787463049336	116.462404480142	97.8732108286509	NA	131.81119993349
MO44_LH145_0127/LH198	96.8544305112441	NA	NA	117.480994803759	115.313639318667	NA	125.463149831824
MO44_LH145_0138/LH198	94.9702372685606	NA	NA	100.980994803759	103.813639318667	NA	120.963149831824
MO44_LH145_0143/LH198	96.3544305112441	NA	NA	120.980994803759	114.238761739643	NA	129.963149831824
MO44_PHG47_0072/LH198	80.3544305112441	NA	NA	111.980994803759	88.2387617396434	NA	115.463149831824
MO44_PHG47_0125/LH198	87.8544305112441	NA	NA	95.980994803759	96.7387617396434	NA	103.963149831824
MO44_PHW65_0025/LH198	99.8544305112441	NA	NA	117.480994803759	114.238761739643	NA	142.463149831824
MO44_PHW65_0035/LH198	98.9702372685606	NA	NA	114.480994803759	115.238761739643	NA	125.463149831824
MO44_PHW65_0126/LH198	93.9702372685606	NA	NA	104.480994803759	102.738761739643	NA	127.463149831824
MO44_PHW65_0193/LH198	86.8544305112441	NA	NA	99.980994803759	106.738761739643	NA	118.963149831824
MOG_LH123HT-014-1-1-1-1-B/LH198	104.854430511244	NA	NA	124.980994803759	129.738761739643	NA	138.963149831824
MOG_LH123HT-031-1-1-1-1-B/LH198	121.354430511244	NA	NA	139.980994803759	135.738761739643	NA	153.963149831824
MOG_LH123HT-045-1-1-1-1-B/LH198	102.854430511244	NA	NA	125.980994803759	129.738761739643	NA	146.463149831824
MOG_LH145_0038/LH198	99.9702372685606	NA	NA	127.980994803759	130.738761739643	NA	145.963149831824
MOG_LH145_0057/LH198	95.8544305112441	NA	NA	134.480994803759	126.738761739643	NA	135.963149831824
MOG_LH145_0162/LH198	101.854430511244	NA	NA	112.480994803759	124.738761739643	NA	131.463149831824
MOG_LH145_0173/LH198	101.854430511244	NA	NA	118.980994803759	126.238761739643	NA	136.463149831824
MOG_LH145_0175/LH198	116.854430511244	NA	NA	132.980994803759	136.738761739643	NA	142.463149831824
MOG_MO45-030-1-1-1-1-B/LH198	108.738623753928	NA	NA	125.480994803759	119.738761739643	NA	137.463149831824
MOG_MO45-071-1-1-1-1-B/LH198	119.354430511244	NA	NA	138.480994803759	137.738761739643	NA	151.963149831824
MOG_MO45-074-1-1-1-1-B/LH198	102.970237268561	NA	NA	152.480994803759	136.238761739643	NA	152.463149831824
MOG_MO45-085-1-1-1-1-B/LH198	114.970237268561	NA	NA	125.480994803759	117.238761739643	NA	147.463149831824
MOG_MO45-128-1-1-1-1-B/LH198	111.970237268561	NA	NA	130.480994803759	126.738761739643	NA	144.963149831824
MOG_NC230-011-1-1-1-1-B/LH198	113.854430511244	NA	NA	126.980994803759	129.738761739643	NA	142.463149831824
MOG_NC230-183-1-1-1-1-B/LH198	104.354430511244	NA	NA	131.980994803759	125.738761739643	NA	146.463149831824
MOG_OH43_0170/LH198	105.970237268561	NA	NA	109.480994803759	121.238761739643	NA	124.463149831824
MOG_OH43_0367/LH198	96.3544305112441	NA	NA	114.980994803759	105.238761739643	NA	138.463149831824
MOG_OH43_0439/LH198	112.970237268561	NA	NA	127.480994803759	123.738761739643	NA	128.963149831824
MOG_PHG83-090-1-1-1-1-B/LH198	92.9702372685606	NA	NA	129.480994803759	134.238761739643	NA	149.463149831824
MOG_PHG83-224-1-1-1-1-B/LH198	117.354430511244	NA	NA	144.480994803759	138.738761739643	NA	144.463149831824
PHN11_LH145_0003/LH198	84.3544305112441	NA	NA	98.480994803759	96.7387617396434	NA	115.963149831824
PHN11_LH145_0005/LH198	89.8544305112441	NA	NA	100.980994803759	102.238761739643	NA	115.463149831824
PHN11_LH145_0028/LH198	87.8544305112441	NA	NA	106.480994803759	103.238761739643	NA	121.463149831824
PHN11_LH145_0062/LH198	92.3544305112441	NA	NA	103.980994803759	103.238761739643	NA	106.963149831824
PHN11_LH145_0085/LH198	98.9702372685606	NA	NA	103.480994803759	108.738761739643	NA	119.963149831824
PHN11_OH43_0001/LH198	102.354430511244	NA	NA	121.980994803759	123.738761739643	NA	137.463149831824
PHN11_OH43_0036/LH198	88.3544305112441	NA	NA	99.480994803759	103.589006581597	NA	111.463149831824
PHN11_OH43_0075/LH198	95.8544305112441	NA	NA	126.480994803759	116.738761739643	NA	131.463149831824
PHN11_OH43_0088/LH198	94.3544305112441	NA	NA	103.980994803759	108.238761739643	NA	151.463149831824
PHN11_OH43_0142/LH198	97.3544305112441	NA	NA	115.980994803759	123.238761739643	NA	133.463149831824
PHN11_OH43_0184/LH198	94.9702372685606	NA	NA	99.980994803759	114.738761739643	NA	117.463149831824
PHN11_PHG47_0048/LH198	90.7386237539277	NA	NA	103.480994803759	102.238761739643	NA	109.963149831824
PHN11_PHG47_0172/LH198	94.9702372685606	NA	NA	113.480994803759	108.238761739643	NA	123.963149831824
PHN11_PHG47_0251/LH198	90.3544305112441	NA	NA	104.480994803759	113.238761739643	NA	115.963149831824
PHN11_PHG47_0388/LH198	90.3544305112441	NA	NA	121.980994803759	114.738761739643	NA	130.463149831824
PHN11_PHG47_0390/LH198	87.9702372685606	NA	NA	115.980994803759	127.738761739643	NA	122.463149831824
PHN11_PHW65_0015/LH198	97.8544305112441	NA	NA	112.980994803759	108.738761739643	NA	137.463149831824
PHN11_PHW65_0275/LH198	94.3544305112441	NA	NA	104.980994803759	108.738761739643	NA	128.463149831824
PHN11_PHW65_0294/LH198	95.8544305112441	NA	NA	111.480994803759	111.238761739643	NA	121.463149831824
PHN11_PHW65_0312/LH198	95.8544305112441	NA	NA	107.980994803759	105.738761739643	NA	118.463149831824
PHN11_PHW65_0328/LH198	103.854430511244	NA	NA	115.980994803759	116.738761739643	NA	136.463149831824
PHN11_PHW65_0359/LH198	87.9702372685606	NA	NA	107.480994803759	101.738761739643	NA	125.463149831824
PHW65_MOG_0137/LH198	110.854430511244	NA	NA	109.480994803759	120.238761739643	NA	130.963149831824
PHW65_MOG_0176/LH198	102.854430511244	NA	NA	118.980994803759	111.238761739643	NA	131.963149831824
PHW65_MOG_0293/LH198	111.970237268561	NA	NA	119.480994803759	131.238761739643	NA	132.463149831824
PHW65_MOG_0511/LH198	100.354430511244	NA	NA	106.480994803759	118.238761739643	NA	133.463149831824
TX303/LH198	86.2577680165722	NA	NA	142.389295056902	134.947060340102	148.499999999983	NA
TX714/LH198	105.257768016572	NA	NA	114.684112838679	115.870651330485	117.82026683932	NA
TX772/LH198	95.2577680165722	NA	NA	123.919173578087	121.697060340102	133.940088946429	NA
Z022E0003/LH198	94.9677990260031	106	NA	118.53831639454	119.644193998348	NA	127.866437311975
Z022E0005/LH198	89.9677990260032	102.666666666667	NA	109.748738552384	109.490756489964	134.940088946429	120.349992581736
Z022E0008/LH198	104.967799026003	103	NA	123.946133012923	125.644193998348	114.82026683932	133.979103764296
Z022E0017/LH198	95.5784207046976	99	NA	108.946133012923	118.52911586706	127.82026683932	115.091770216617
Z022E0020/LH198	87.4677990260032	114.5	NA	117.946133012923	115.52911586706	137.179733160646	121.479103764296
Z022E0023/LH198	90.9677990260031	96.5	NA	102.446133012923	110.02911586706	107.999999999983	115.979103764296
Z022E0025/LH198	96.4677990260031	103	NA	106.446133012923	108.52911586706	NA	122.479103764296
Z022E0027/LH198	86.9677990260032	98	NA	102.446133012923	100.02911586706	114.999999999983	119.979103764296
Z022E0042/LH198	89.9677990260032	103	NA	101.946133012923	108.644193998348	116.82026683932	128.479103764296
Z022E0044/LH198	98.4677990260032	114.5	NA	124.446133012923	125.02911586706	142.999999999983	136.479103764296
Z022E0046/LH198	91.5784207046976	96	NA	100.538316394539	116.644193998348	120.179733160646	110.866437311975
Z022E0048/LH198	91.9677990260031	108	NA	103.946133012923	105.824089823297	112.999999999983	124.479103764296
Z022E0050/LH198	94.9677990260031	101	NA	111.946133012923	115.52911586706	117.999999999983	117.479103764296
Z022E0053/LH198	85.4677990260031	99.5	NA	119.446133012923	115.52911586706	125.999999999983	122.479103764296
Z022E0059/LH198	94.4677990260031	105.5	NA	101.946133012923	107.359520938701	119.726577720204	118.624315188941
Z022E0072/LH198	95.9677990260031	101	NA	104.446133012923	108.02911586706	115.82026683932	104.979103764296
Z022E0073/LH198	91.9677990260031	76	NA	107.946133012923	103.824089823297	NA	118.479103764296
Z022E0077/LH198	NA	87	NA	102.446133012923	106.52911586706	120.179733160646	116.479103764296
Z022E0079/LH198	99.9677990260032	97	NA	123.946133012923	119.02911586706	125.82026683932	124.979103764296
Z022E0095/LH198	96.9677990260031	99	NA	100.946133012923	100.644193998348	105.499999999983	121.979103764296
Z022E0097/LH198	87.9677990260032	115	NA	116.946133012923	120.02911586706	129.999999999983	132.979103764296
Z022E0105/LH198	100.467799026003	90	NA	121.446133012923	118.52911586706	129.82026683932	130.979103764296
Z022E0108/LH198	93.9677990260031	92.5	NA	109.946133012923	117.52911586706	125.82026683932	116.979103764296
Z022E0110/LH198	90.9677990260031	100.5	NA	113.946133012923	106.02911586706	124.82026683932	114.979103764296
Z022E0114/LH198	103.357177347309	104	NA	122.446133012923	116.52911586706	130.499999999983	128.979103764296
Z022E0123/LH198	97.5784207046976	98	NA	112.446133012923	108.52911586706	110.999999999983	123.479103764296
Z022E0134/LH198	88.4677990260032	109	NA	108.446133012923	116.52911586706	124.82026683932	114.979103764296
Z022E0142/LH198	98.4677990260032	97	NA	102.946133012923	106.52911586706	117.82026683932	123.979103764296
Z022E0160/LH198	78.4677990260031	98	NA	100.946133012923	104.02911586706	110.82026683932	127.979103764296
Z022E0166/LH198	97.4677990260031	93.5	NA	105.946133012923	112.02911586706	114.499999999983	116.979103764296
