line_code	OHH1_15	DEH1_15	ILH1_15	INH1_15	TXH1_15	SDH1_15	MOH2_15	MNH1_15	NYH3_15	MOH1_15	TXH2_15	ONH2_15	NYH2_15	ONH1_15
A634/LH82	57.884882152932	59.2483652054633	NA	67.4218181493698	NA	66.9999999999994	NA	66.9764746720616	69.6090087130225	NA	NA	75.9953048005528	74.1739538468258	80.5338208667139
A635/LH82	NA	NA	NA	NA	NA	65.9999999999994	NA	66.9764746627402	68.6781183367456	NA	NA	76.7134433604766	80.5029758509866	80.2966887589307
A641/LH82	NA	NA	61.5971943022399	NA	NA	63.9999999999994	NA	66.0235253584824	67.2384568235557	NA	NA	71.971564556525	74.0045609404432	77.0815925782708
A672/LH82	NA	NA	NA	NA	NA	68.9999999999994	NA	69.0235253301854	70.4203489067417	70.718094568849	NA	77.9918078086563	78.2604647232127	83.8286508695223
A679/LH82	57.8238990609796	NA	NA	NA	NA	63.9999999999993	NA	72.9764746438756	72.5660649473494	NA	NA	74.4822114339008	80.6613067532361	80.5993486782614
A680/LH82	NA	NA	NA	64.6804022055217	NA	68.4999999999994	NA	73.0235253278273	74.3680112395618	NA	NA	77.9867205196094	79.8613345332435	86.4152269978399
B103/LH82	61.6933629696518	NA	NA	NA	NA	NA	NA	76.0235253278273	72.4260422229424	NA	NA	NA	81.1378183814343	82.4225823288692
B104/LH82	NA	62.7244492680813	66.072147828153	NA	67.5	NA	71.9024898183752	NA	NA	73.4833142004732	73.4999999572122	80.2992960222251	NA	NA
B106/LH82	NA	61.1622653913858	NA	NA	66.5	NA	68.0578437863596	NA	NA	NA	72.9999999572122	76.6835906718798	79.8241063200067	NA
B109/LH82	63.156717453007	NA	NA	63.7694469244468	NA	NA	70.59478806523	NA	NA	77.8467299152157	NA	77.2654499750218	78.9971280727805	NA
B111/LH82	NA	60.4903012338734	61.6671762835072	NA	NA	NA	67.8963653484825	73.9764746438756	NA	70.3911690600559	NA	74.6760400329935	79.7492556143527	NA
B119/LH82	63.083505863756	NA	65.2844476882588	NA	65	68.1156038291178	69.9511148686614	73.0235253797051	NA	72.1295126075413	73.9999999137992	NA	77.6852327117118	NA
B73_PHG39-1/LH82	60.6080271799235	62.1109303743627	NA	NA	65	NA	69.362253531697	NA	NA	NA	73.8903380883713	NA	NA	NA
B73_PHG39-13/LH82	NA	62.2483652054633	NA	NA	65	NA	68.9769990095734	NA	NA	NA	73.8903381413174	NA	NA	NA
B73_PHG39-18/LH82	62.1847890221092	NA	NA	NA	64	NA	70.0578437863596	NA	NA	NA	74.1096618716931	NA	NA	NA
B73_PHG39-7/LH82	NA	60.0699377842939	63.7772023813748	62.9584892846807	NA	NA	71.5373292853597	NA	NA	NA	73.890338115645	NA	NA	NA
B79/LH82	59.6080271799235	62.3530635523686	64.072147828153	63.2456008620967	NA	NA	NA	NA	NA	NA	NA	NA	NA	NA
B97/LH82	62.487594940369	NA	NA	64.7820893231977	64.5	69.8843961708809	70.617344116782	71.0235253584824	73.487572816779	NA	73.9999999985734	79.2878432505741	80.7492556143527	87.2651756951337
CG102/LH82	58.8212453921074	57.1622653913858	61.2757061011223	60.0561095831747	NA	63.9999999999994	NA	66.4999999776536	69.7442789692221	NA	NA	72.9959117302438	72.4025217112909	79.5138092562871
CG104/LH82	NA	NA	NA	NA	NA	62.9999999999994	NA	65.976474627369	67.6414145608218	67.4833142004732	NA	72.0075629006699	72.7093981525106	78.6676301572761
CG108/LH82	NA	NA	NA	NA	NA	62.9999999999994	NA	NA	66.9297013900664	NA	NA	72.0218651007251	NA	78.8394637969524
CG110/LH82	NA	NA	NA	NA	NA	64.9999999999994	NA	70.0235253301854	68.1090087130225	NA	NA	72.9804331793358	74.9047560435514	78.0603477213875
CG118/LH82	NA	NA	NA	NA	NA	64.4999999999993	NA	NA	67.0052088090053	NA	NA	72.016398397539	75.6009392382456	78.8854882907097
CG119/LH82	NA	NA	61.2225968474263	61.6959528026383	NA	63.884396170881	NA	NA	NA	NA	NA	72.6760400329935	74.8737901846883	77.8485321581584
CG120/LH82	NA	NA	NA	NA	NA	66.9999999999994	NA	68.9764746438756	68.7816447420826	67.288249510025	NA	73.4819416417838	74.1471405190899	81.4103263025454
CG121/LH82	58.0173153244095	58.3040253578089	NA	NA	NA	66.4999999999994	NA	67.976474627369	67.0841415409546	NA	NA	72.4965015585523	76.2044785025297	79.474785419155
CG65/LH82	NA	NA	NA	NA	NA	65.9999999999994	NA	68.0235253797051	68.5985958553028	69.8960739721053	NA	74.4780601449738	78.0722783448214	81.2810971084584
CGR03/LH82	NA	NA	NA	NA	NA	63.4999999999994	NA	65.9764746720616	69.6455070097887	NA	NA	74.4953048005528	77.7160636755136	80.4641916075775
CGX333/LH82	NA	NA	NA	NA	NA	66.4999999999994	NA	71.0235253137898	69.1094632584563	NA	NA	72.9763434343506	76.6635410854966	80.5377322041242
CML103/LH82	64.6033158117317	61.796575091131	NA	NA	NA	NA	73.5373292853597	NA	NA	75.1295126075413	NA	NA	NA	NA
CML247/LH82	NA	66.1318556465045	NA	68.9584892846807	NA	NA	76.0075088114021	NA	NA	76.1625442189051	NA	NA	NA	NA
DK4676A/LH82	58.6253914245108	NA	NA	61.1538940750646	NA	NA	68.59478806523	NA	NA	69.3911690600559	NA	NA	NA	NA
GEMS-0146/LH82	62.5369972929843	61.7244492680813	66.7013339203077	NA	66.5	NA	71.3239569397538	NA	NA	72.5309974876055	74.9999999765541	NA	NA	NA
GEMS-0149/LH82	62.0173153244095	61.7270410734812	66.8881956603428	65.7155784042598	NA	NA	NA	NA	NA	76.0406141843667	NA	NA	NA	NA
GEMS-0150/LH82	62.8585906559965	63.1318556465045	65.2844476882588	66.9584892846807	NA	70.4999999999994	70.9445690130074	73.5000000212226	76.0300408788549	73.1295126075413	74.9999999537341	79.5344229917088	NA	NA
GEMS-0162/LH82	65.4952868523105	64.6437786443742	68.4019771602233	67.0833724025769	65	NA	70.9511148686614	NA	NA	73.7964985343375	73.0000000307515	80.0556279284422	82.6893590000776	87.6702111838543
GEMS-0163/LH82	62.6080271799235	63.7370671615721	65.072147828153	65.7632393421	68.5	NA	70.59478806523	NA	NA	70.718094568849	77.4999999602397	NA	NA	NA
GEMS-0182/LH82	65.6080271799235	60.7270410734812	65.7326018740125	63.6454970003382	66.5	NA	68.1341363219193	75.9999999752401	NA	73.718094568849	74.5000000576752	NA	NA	NA
LH132/LH82	62.6033158117317	62.3534839050441	64.9648004020774	64.4218181493698	67.5	69.1156038291178	NA	69.9764746531969	70.9370145578121	NA	73.4999999600647	75.3193534346014	82.4647413149922	85.6528820793793
LH145/LH82	58.156717453007	NA	NA	NA	NA	64.9999999999994	67.7741967230964	69.0000000071296	70.9453762217484	NA	NA	75.9915294811096	76.9581160208734	82.9590288872565
LH146HT/LH82	NA	NA	62.852958429307	NA	NA	65.9999999999994	65.617344116782	NA	NA	69.7616449823857	NA	74.9825787726363	NA	NA
M0001/LH82	NA	65.1109303743627	NA	NA	66	NA	70.0578437863596	73.9764746674564	70.4260422229424	NA	72.8903380484363	NA	80.1378183814343	83.5058008862858
M0003/LH82	NA	NA	NA	64.4809868078779	NA	NA	70.9769990095734	70.023525292567	NA	NA	NA	76.6615703364466	NA	NA
M0008/LH82	58.5369972929843	62.1622653913858	63.2757061011223	NA	NA	NA	67.8963653484825	NA	71.8062371285301	NA	NA	NA	82.8196376554856	83.2563452650357
M0012/LH82	NA	NA	NA	63.9584892846807	NA	NA	NA	74.976474627369	70.3508533541974	NA	NA	75.2654499750218	77.2719847193874	82.6528820793793
M0014/LH82	59.8585906559965	NA	NA	NA	NA	NA	68.617344116782	NA	69.7836861127465	71.3911690600559	NA	75.3070189292258	83.737137161499	82.2563452650357
M0015/LH82	NA	NA	63.4054464819926	NA	64	NA	NA	73.0235253584824	NA	NA	NA	75.2992960222251	77.9854057670962	NA
M0033/LH82	62.884882152932	NA	NA	NA	NA	NA	67.362253531697	NA	71.4395969819808	70.3126301789675	NA	NA	79.7492556143527	85.770952974497
M0039/LH82	NA	61.6507596120301	NA	67.8468541943765	NA	NA	NA	NA	74.2484496623446	NA	NA	76.3070189292258	80.6852327117118	83.8364890659129
M0041/LH82	60.6253914245108	61.1622653913858	NA	64.8356255246887	NA	NA	NA	74.0235253301854	71.487572816779	NA	72.8903381625361	NA	81.9971280727805	83.2797930693704
M0052/LH82	NA	NA	NA	65.0780184917922	65	NA	NA	74.9764746461227	NA	NA	NA	77.6957723667385	79.1378183814343	NA
M0058/LH82	NA	NA	NA	64.7632393421	66	NA	70.1341363219193	73.976474627369	NA	NA	NA	NA	NA	NA
M0077/LH82	64.017099359704	63.1318556465045	NA	67.4218181493698	NA	NA	NA	71.9764746720616	NA	NA	74.1096618716931	78.2670890800566	79.9540549900291	NA
M0101/LH82	NA	NA	NA	NA	NA	NA	NA	NA	72.487572816779	73.8547434687388	NA	NA	79.3884922043104	83.2966887589307
M0116/LH82	NA	NA	NA	66.0561095831746	NA	NA	NA	75.023525349161	70.8062371285301	70.3911690600559	NA	NA	NA	NA
M0143/LH82	NA	NA	NA	NA	NA	NA	NA	72.9764746438756	75.5398990892994	71.157897452959	NA	77.3193534346014	NA	82.5351191005433
M0154/LH82	62.6080271799235	NA	NA	67.8468541943765	NA	NA	70.0075088114021	75.0235253278273	NA	NA	NA	NA	79.0104432078776	NA
M0163/LH82	60.4952868523105	NA	NA	NA	NA	NA	69.4215142055148	71.0235253584824	75.7092284035124	72.7964985343375	NA	76.2654499750218	NA	83.5643073400551
M0262/LH82	NA	NA	NA	NA	64	NA	NA	70.023525320864	NA	70.7964985343375	74.109661911628	76.2992960222251	NA	NA
M0266/LH82	60.8585906559965	NA	64.9648004020774	NA	NA	NA	NA	NA	NA	73.8467299152157	72.109661923038	78.2992960222251	NA	NA
N192/LH82	NA	57.64517620541	NA	NA	63	NA	66.9445690130074	NA	NA	NA	72.5000000348552	NA	NA	NA
N501/LH82	NA	NA	NA	62.0780184917922	64	NA	66.1341363219193	NA	NA	NA	74.999999987789	NA	NA	NA
N542/LH82	59.1847890221092	63.3040253578089	63.7013339203077	61.5484727215067	64	NA	67.5373292853597	NA	NA	NA	72.9999999572122	NA	NA	NA
NKH8431/LH82	57.8238990609796	NA	NA	67.6959528026383	64.5	NA	69.0663016682174	NA	NA	NA	71.5000000244209	NA	NA	NA
OH43/LH82	NA	NA	64.4019771602233	NA	64	61.1156038291178	69.9511148686614	71.0235253703837	NA	NA	73.5000000193415	NA	NA	NA
PHAW6/LH82	62.0481839164996	NA	NA	NA	67.5	NA	70.199481110559	NA	NA	75.8467299152157	NA	NA	NA	NA
PHB47/LH82	59.1847890221092	NA	63.2225968474263	64.7155784042598	65	NA	68.617344116782	NA	NA	70.9611573322134	72.5000000399346	74.6939003664987	NA	NA
PHG72/LH82	58.420661898713	61.3534839050441	62.4054464819926	65.1538940750646	NA	67.1156038291178	NA	70.0235253537662	69.3531249967044	71.7541391704507	NA	75.6811738165915	76.7492556143527	83.0441822369375
PHG80/LH82	60.5369972929843	NA	64.585188912697	62.7155784042598	64.5	69.8843961708809	66.1341363219193	71.9764746674564	71.499143008897	NA	73.4999999828847	76.6811738165915	NA	82.2797930693704
PHHV4/LH82	NA	61.6437786443742	NA	64.0833724025769	66	NA	66.8963653484825	NA	NA	71.1295126075413	74.4999999629172	NA	NA	NA
PHJ40/LH82	58.6670602302831	NA	61.449219995686	59.7197380462793	NA	66.4999999999994	NA	66.5000000235807	68.299651508271	NA	NA	72.0075629006699	72.1130198547082	79.9563138851087
PHKE6/LH82	NA	NA	64.185123442035	64.2456008620967	NA	66.1156038291178	NA	70.5000000212226	70.8062371285301	70.3081942255622	71.9999999800322	76.7810027328434	78.9057888338693	81.3394637969524
PHR25/LH82	NA	NA	61.2757061011223	60.7694469244468	63	62.8843961708809	66.59478806523	67.0235253537662	NA	68.7616449823857	67.9999999999997	73.6835906718798	NA	NA
PHRE1/LH82	NA	NA	60.9128757566877	60.8174404414712	NA	63.9999999999994	NA	67.023525349161	68.1948672592213	NA	NA	72.4747067935104	73.7604647232127	80.1863116550283
PHV63/LH82	NA	61.796575091131	NA	NA	NA	NA	72.362253531697	74.9764746461227	NA	75.7645220374767	NA	77.6957723667385	NA	NA
R226/LH82	61.9744110726841	63.0699377842939	NA	69.1700046882768	NA	NA	70.59478806523	NA	NA	NA	NA	NA	NA	NA
SD101/LH82	58.0173153244095	61.3530635523686	NA	63.7820893231977	NA	66.9999999999994	NA	NA	73.1955130578827	NA	NA	75.5130296038561	79.9786087155496	82.5125510894001
TX303/LH82	66.2246452427452	65.811078440189	71.488520010715	71.3337095057332	69	76.4999999999994	72.2168473169211	76.4999999834934	78.0985958553028	77.5106212327755	77.4999999928684	83.5130127453898	86.8308098775396	89.7222156190404
W10004_0032/LH82	NA	59.1622653913858	62.7326018740125	64.0685472120159	NA	64.8843961708809	NA	NA	68.7793295349317	NA	NA	NA	NA	80.3713135885946
W10004_0076/LH82	60.884882152932	NA	NA	NA	NA	66.8843961708809	NA	70.023525349161	72.4540115579532	NA	NA	76.2654499750218	77.7492556143527	85.4225823288692
W10004_0082/LH82	58.8585906559965	60.4437855125375	62.5971943022399	65.8468541943765	NA	NA	67.8963653484825	NA	NA	69.718094568849	NA	NA	NA	NA
W10004_0097/LH82	58.6253914245108	61.3040253578089	62.8287248555276	61.8356255246887	NA	NA	66.4330038481534	NA	NA	72.1295126075413	NA	NA	NA	NA
W10004_0127/LH82	60.0481839164996	59.796575091131	64.7326018740125	63.8356255246887	NA	66.1156038291178	68.0764031308263	69.9764746579131	71.9370145578121	72.0406141843667	NA	75.2705225013028	74.7492556143527	81.6528820793793
W10004_0204/LH82	NA	NA	NA	65.7632393421	NA	67.8843961708809	NA	60.9764747050747	77.3508533541974	72.7964985343375	NA	NA	NA	83.4633111725191
W10004_0216/LH82	62.6033158117317	60.7370671615721	66.8881956603428	65.0780184917922	NA	70.1156038291178	70.4215142055148	74.9764746531969	75.8062371285301	71.4833142004732	NA	76.7134433604766	80.9057888338694	86.5643073400551
W10004_0227/LH82	62.083505863756	60.64517620541	63.7326018740125	63.4218181493698	NA	69.8843961708809	68.9024898183752	71.023525292567	72.5398990892994	71.5309974876055	NA	75.3302868409736	78.5848506850527	80.647593509126
W10004_0248/LH82	62.6080271799235	63.1109303743627	63.2757061011223	64.0780184917922	NA	62.1156038291178	67.9024898183752	73.9764747050747	71.487572816779	72.3911690600559	NA	74.3193534346014	80.1378183814343	83.2651756951337
Z013E0087/LH82	63.4952868523105	64.1109303743627	65.072147828153	NA	64	NA	NA	NA	NA	NA	NA	NA	NA	NA
Z022E0003/LH82	59.6033158117317	NA	NA	NA	NA	NA	NA	67.9764746674564	NA	NA	70.8903381409674	NA	78.1378183814343	NA
Z022E0009/LH82	58.8585906559965	NA	NA	NA	66	NA	71.199481110559	NA	NA	70.718094568849	NA	NA	NA	NA
Z022E0072/LH82	NA	58.3530635523686	61.9648004020775	NA	NA	NA	65.9445690130074	69.0235253703837	NA	71.7541391704507	NA	73.6939003664987	NA	NA
Z022E0108/LH82	62.1847890221092	NA	64.852958429307	NA	64	67.1156038291178	70.0764031308263	NA	NA	NA	NA	76.6939003664987	NA	NA
Z022E0160/LH82	NA	62.7244492680813	64.2225968474263	NA	NA	NA	70.199481110559	NA	NA	NA	NA	NA	80.6415808386562	NA
