line_code	GAH1_15	INH1_15	MOH2_15	NCH1_15	NYH2_15	NYH3_15	NEH1_15	ILH1_15	MNH1_15	NEH4_15	OHH1_15	DEH1_15	WIH2_15	ONH2_15	WIH1_15
A634/LH82	NA	167.201861214621	NA	NA	208.648852763515	203.052297785437	NA	NA	213.174688044308	NA	191.517890841876	201.858295699335	248.566265302774	223.709084198549	222.968038239486
A635/LH82	NA	NA	NA	NA	190.800355369952	201.171914937062	NA	NA	212.174369508434	NA	NA	NA	NA	211.876264889909	NA
A641/LH82	NA	NA	NA	NA	178.123084170619	179.507220959492	160.108030959174	181.379843494357	190.825200677074	NA	NA	NA	205.979215496789	211.767131248755	216.999605648113
A672/LH82	NA	NA	NA	NA	194.943212892365	213.919409096676	NA	NA	219.824703993286	201.512473862717	NA	NA	226.373785914746	234.59314287012	NA
A679/LH82	NA	NA	NA	NA	197.21443707344	216.392802226364	NA	NA	206.175257808727	NA	202.467193388574	NA	224.163165550374	233.782457754525	240.709562706573
A680/LH82	NA	192.036060233342	NA	NA	215.596563638279	204.047662612826	220.108030959174	NA	227.825315277107	NA	NA	NA	239.196992078944	266.631287583151	254.037225098022
B103/LH82	NA	NA	NA	NA	226.87310747945	228.113647440054	229.891969040826	NA	218.825315277107	NA	230.076085144894	NA	246.196992078944	NA	NA
B104/LH82	165	NA	190.746880777058	168.350507516716	NA	NA	NA	223.609821033897	NA	NA	NA	231.02187562342	253.566265302774	256.638564355301	NA
B105/LH82	NA	NA	NA	NA	NA	NA	NA	NA	201.825878836599	218.790008835207	NA	NA	244.381850753061	NA	242.687904244845
B106/LH82	160	NA	211.06176962431	195.730745301135	220.723607771336	NA	229.891969040826	NA	NA	NA	NA	239.38848755812	256.856663091817	277.830585813208	273.233757873393
B109/LH82	NA	174.556191652693	192.928003335646	174.863073942369	197.312328029037	NA	219.891969040826	NA	NA	NA	225.162132626252	NA	256.566265302774	228.402704124275	NA
B111/LH82	NA	NA	168.706080123569	187.295491385253	211.238496589541	NA	NA	203.196210678232	201.175257808727	222.508940373539	NA	202.828413924732	236.856663091817	224.982255975435	231.024806439343
B119/LH82	155	NA	188.552554055815	229.218659470312	196.896889622411	NA	NA	203.582305707299	239.825907490226	229.981620430478	197.530422865098	NA	230.045319293166	NA	NA
B73_PHG39-1/LH82	170	NA	175.249078914165	NA	NA	NA	200.108030959174	NA	NA	NA	208.78780946945	223.621369704506	NA	NA	NA
B73_PHG39-10/LH82	180	NA	NA	195.218659470312	NA	NA	200.108030959174	210.089348939755	NA	221.512473862717	NA	217.904628982265	NA	NA	NA
B73_PHG39-11/LH82	150	NA	170.335448417379	NA	NA	NA	NA	222.498550374457	NA	NA	213.760564519984	NA	NA	NA	NA
B73_PHG39-12/LH82	NA	192.338142010345	NA	183.923907919277	NA	NA	209.891969040826	NA	NA	231.512473862717	NA	204.155962537455	204.829017344593	NA	NA
B73_PHG39-13/LH82	170	NA	197.18659623243	NA	NA	NA	NA	NA	NA	248.797294713795	NA	241.858295699335	235.979215496789	NA	NA
B73_PHG39-18/LH82	180	NA	171.06176962431	NA	NA	NA	NA	NA	NA	209.27387772413	216.309017563254	NA	NA	NA	NA
B73_PHG39-2/LH82	170	NA	222.370409315108	NA	NA	NA	NA	NA	NA	219.27387772413	221.904607164318	NA	NA	NA	NA
B73_PHG39-20/LH82	150	NA	NA	194.920993457908	NA	NA	NA	217.498550374457	NA	218.797294713795	NA	227.155962537455	244.943979218432	NA	NA
B73_PHG39-21/LH82	180	NA	186.331418713775	NA	NA	NA	190.108030959174	229.168564554793	NA	NA	NA	NA	NA	NA	NA
B73_PHG39-24/LH82	170	203.929945144693	NA	190.632420041936	NA	NA	NA	199.875601905281	NA	NA	NA	207.02187562342	NA	NA	NA
B73_PHG39-4/LH82	170	NA	191.061769624311	NA	NA	NA	209.891969040826	206.421659930498	NA	199.981620430478	NA	190.858295699335	NA	NA	NA
B73_PHG39-6/LH82	160	163.467661101823	NA	166.102330042857	NA	NA	180.108030959174	NA	NA	217.382464973681	NA	NA	237.045319293166	NA	NA
B73_PHG39-7/LH82	180	172.563476736016	171.331418713775	NA	NA	NA	210.108030959174	200.089348939755	NA	NA	NA	199.14724731764	NA	NA	NA
B79/LH82	NA	158.467661101823	NA	NA	NA	NA	169.891969040826	198.609821033897	NA	189.981620430478	180.78780946945	185.553150850647	NA	NA	NA
B97/LH82	165	209.063915896633	173.017547905089	214.964501937078	230.238496589541	253.395205840884	239.891969040826	NA	231.825200677074	NA	241.612874745172	NA	255.163165550374	269.125917915102	NA
CG102/LH82	NA	155.223785586728	NA	NA	194.918444974571	188.271778236136	205	206.421659930498	218.999697460024	210.182077338908	207.402682136538	194.38848755812	230.948611454501	228.586060429478	232.630894560076
CG104/LH82	NA	NA	NA	NA	172.896077945641	203.035359689328	NA	NA	213.174388610365	NA	NA	NA	263.566265302774	248.408134074845	NA
CG110/LH82	NA	NA	NA	NA	182.465989471776	199.552297785437	NA	NA	213.824703993286	NA	NA	NA	209.856663091817	216.910561739073	NA
CG118/LH82	NA	NA	NA	NA	181.245067688049	193.191776689843	NA	NA	NA	NA	NA	NA	226.139216365928	233.31608260723	NA
CG119/LH82	NA	155.929945144693	NA	NA	195.268123427976	NA	NA	179.062105942305	NA	NA	NA	NA	NA	217.982255975435	NA
CG120/LH82	NA	NA	NA	NA	187.192208108053	204.435326193771	NA	NA	207.175257808727	NA	NA	NA	228.70512499309	222.554086945269	236.999605648113
CG121/LH82	NA	NA	NA	NA	189.021813784222	197.386829376308	NA	NA	200.174388610365	NA	186.358154811893	209.31081490461	222.048246001839	204.876650845358	NA
CG65/LH82	NA	NA	NA	NA	183.998172220779	207.936310830515	NA	NA	209.825907490226	NA	NA	NA	225.140844684177	231.682950863636	NA
CGR03/LH82	NA	NA	NA	NA	210.871857765798	211.330055227066	NA	NA	222.174688044308	NA	NA	NA	237.140844684177	233.209084198549	222.224564022131
CGX333/LH82	NA	NA	NA	NA	204.261981570644	207.760510633705	NA	NA	213.824996752514	NA	NA	NA	236.040559817184	233.344331886637	NA
CM105/LH82	NA	NA	NA	NA	NA	231.081761285172	180.108030959174	NA	207.825636711278	NA	NA	NA	220.979215496789	NA	234.999605648113
CML103/LH82	NA	NA	201.331418713775	213.041153498549	NA	NA	219.891969040826	NA	NA	NA	244.295786833498	233.031404326675	NA	NA	NA
CML247/LH82	NA	226.563476736016	212.370409315108	205.451533276499	NA	NA	250.108030959174	NA	NA	NA	NA	239.789101083006	NA	NA	NA
CML69/LH82	NA	NA	201.807718439225	210.451533276499	NA	NA	230.108030959174	NA	NA	NA	NA	NA	NA	NA	264.94722431967
DK4676A/LH82	NA	156.338142010345	137.928003335646	165.805429178079	NA	NA	NA	NA	NA	NA	185.729967174224	NA	NA	NA	220.024806439343
DKFBHJ/LH82	NA	NA	168.706080123569	197.36118230997	NA	NA	180.108030959174	NA	191.173933462401	188.081646927902	NA	203.723533417893	NA	NA	NA
GEMS-0146/LH82	170	NA	215.335448417379	204.451533276499	NA	NA	219.891969040826	232.498550374457	NA	221.556453537043	226.100364290539	235.02187562342	NA	NA	266.038183558542
GEMS-0148/LH82	NA	158.56181003814	NA	NA	NA	NA	190.108030959174	NA	NA	201.739829637732	217.224840661078	207.858295699335	NA	NA	254.037225098022
GEMS-0149/LH82	NA	178.110038168593	NA	NA	NA	NA	219.891969040826	220.560256298977	NA	207.382464973681	232.358154811894	264.095894304186	NA	NA	259.224564022131
GEMS-0150/LH82	165	193.563476736016	224.455916523294	NA	NA	214.897916969458	230.108030959174	228.582305707299	222.00013849933	228.081646927902	223.096241536322	229.789101083006	245.261929936585	277.574747772217	237.820677494238
GEMS-0162/LH82	170	207.647921487863	183.552554055815	NA	218.613508492751	NA	219.891969040826	194.594189841733	NA	261.512473862717	228.760564519984	240.904628982265	252.045056397882	248.006569682722	265.627824518339
GEMS-0163/LH82	180	192.39003369556	222.928003335646	208.389588455113	NA	NA	239.891969040826	238.609821033897	NA	240.423103524027	254.78780946945	237.584426354391	NA	NA	262.13569346512
GEMS-0182/LH82	175	205.36442271766	207.840279939247	195.632420041936	NA	NA	219.891969040826	230.425367508215	219.999479437008	199.942876324812	228.78780946945	220.095894304186	NA	NA	246.265655478321
GEMS-0219/LH82	165	NA	210.943562628017	214.041153498549	NA	NA	NA	223.807506794745	NA	NA	NA	NA	NA	NA	NA
LH132/LH82	170	185.201861214621	NA	NA	186.459107462201	232.081761285172	NA	214.315426945414	205.174793109127	NA	208.295786833498	232.139157348109	224.979215496789	229.755900324552	245.709562706573
LH145/LH82	NA	NA	172.978600403533	210.218659470312	220.233623830964	210.426094336362	220.108030959174	NA	227.500423380506	NA	230.162132626252	NA	234.168918381561	274.784919279662	250.820677494238
LH146HT/LH82	NA	NA	183.017547905089	183.632420041936	NA	NA	210.108030959174	209.875601905281	NA	208.797294713795	NA	NA	NA	254.506847026004	257.038183558542
M0001/LH82	170	NA	176.06176962431	NA	203.87310747945	220.113647440054	NA	NA	220.174789784496	NA	NA	212.621369704506	NA	NA	229.947224319669
M0003/LH82	NA	193.654768605731	162.18659623243	NA	NA	NA	NA	NA	213.825025411614	210.761867796437	NA	NA	NA	221.182559122844	NA
M0008/LH82	NA	NA	208.706080123569	185.168322441901	206.628518776927	185.457018008621	NA	201.421659930498	NA	NA	218.100364290539	217.38848755812	216.048246001839	NA	231.590409637788
M0012/LH82	NA	185.563476736016	NA	179.218659470312	211.215140427341	209.919508038913	199.891969040826	NA	213.174388610365	NA	NA	NA	214.979215496789	238.402704124275	NA
M0014/LH82	NA	NA	178.017547905089	NA	174.031027913897	210.391348045443	NA	NA	NA	211.512473862717	182.096241536322	NA	NA	208.58758258389	NA
M0015/LH82	140	NA	NA	NA	209.208371172216	NA	210.108030959174	193.807506794745	208.825200677074	NA	NA	NA	230.70512499309	220.638564355301	223.226378852393
M0028/LH82	NA	NA	NA	NA	NA	192.876325900002	199.891969040826	209.168564554793	204.825636711278	211.556453537043	NA	NA	NA	NA	NA
M0033/LH82	NA	NA	180.249078914165	NA	210.238496589541	214.853790695141	NA	NA	NA	228.081646927902	229.517890841876	NA	NA	NA	NA
M0039/LH82	NA	196.448939635136	NA	NA	213.896889622411	226.700119384769	NA	NA	NA	NA	NA	228.155962537455	NA	264.58758258389	240.590409637788
M0041/LH82	NA	180.059578070404	NA	NA	204.312328029037	202.395205840884	219.891969040826	NA	226.824703993286	NA	220.729967174224	211.38848755812	NA	NA	NA
M0052/LH82	150	187.839653466618	NA	194.765562678998	209.87310747945	NA	NA	NA	209.174497003738	NA	NA	NA	NA	230.060367825138	NA
M0058/LH82	140	179.39003369556	192.840279939247	NA	NA	NA	NA	NA	212.174388610365	211.739829637732	NA	NA	NA	NA	NA
M0077/LH82	NA	185.201861214621	NA	NA	223.333048429082	NA	209.891969040826	NA	217.174688044308	NA	222.075397098853	227.789101083006	NA	263.552006522074	NA
M0083/LH82	NA	NA	NA	169.765562678998	NA	173.113647440054	NA	204.835836690401	NA	198.568999073727	NA	NA	228.139216365928	NA	220.024806439343
M0088/LH82	NA	NA	NA	194.451533276499	NA	NA	NA	219.315426945414	NA	212.508940373539	NA	NA	218.943979218432	225.989561736113	NA
M0101/LH82	NA	NA	NA	193.632420041936	205.422387496234	219.395205840884	NA	NA	NA	NA	NA	NA	NA	NA	250.004779122151
M0116/LH82	NA	175.223785586728	NA	210.36118230997	NA	217.457018008621	NA	NA	227.825818193703	220.618575160501	NA	NA	NA	NA	NA
M0118/LH82	NA	NA	175.943562628017	182.632420041936	NA	NA	NA	204.315426945414	NA	NA	NA	NA	226.943979218432	257.335671032978	241.610359412202
M0143/LH82	NA	NA	NA	NA	NA	196.932680633812	210.108030959174	NA	197.175257808727	NA	NA	NA	NA	219.755900324552	NA
M0154/LH82	NA	178.448939635136	172.370409315108	196.350507516716	223.505218942055	NA	220.108030959174	NA	223.825315277107	NA	215.78780946945	NA	NA	NA	NA
M0163/LH82	NA	NA	169.283968843852	NA	NA	188.876325900002	199.891969040826	NA	213.825200677074	201.512473862717	200.760564519984	NA	NA	226.402704124275	231.024806439343
M0262/LH82	160	NA	NA	NA	NA	NA	219.891969040826	NA	213.825636711278	NA	NA	NA	229.616873184816	242.638564355301	236.038183558542
M0266/LH82	NA	NA	NA	NA	NA	NA	NA	224.315426945414	NA	NA	220.096241536322	NA	247.045319293166	243.638564355301	NA
N192/LH82	155	NA	209.455916523294	183.041153498549	NA	NA	199.891969040826	NA	NA	210.182077338908	NA	196.723533417893	NA	NA	NA
N501/LH82	160	197.839653466618	167.840279939247	213.389588455113	NA	NA	NA	NA	NA	NA	NA	NA	NA	NA	NA
N542/LH82	145	173.895290498114	181.331418713775	186.102330042857	NA	NA	210.108030959174	217.498550374457	NA	NA	204.309017563254	214.31081490461	NA	NA	NA
NKH8431/LH82	165	183.929945144693	202.947986215787	188.102330042857	NA	NA	NA	NA	NA	222.508940373539	209.467193388574	NA	NA	NA	NA
OH43/LH82	150	NA	173.552554055815	NA	NA	NA	200.108030959174	229.594189841733	224.825588952285	NA	NA	NA	NA	NA	NA
PHAW6/LH82	145	NA	158.686286355899	NA	NA	NA	NA	NA	NA	199.942876324812	204.224840661079	NA	NA	NA	NA
PHB47/LH82	155	163.110038168593	168.017547905089	182.758363635395	NA	NA	229.891969040826	194.062105942305	NA	190.804926701079	217.309017563254	NA	NA	239.335671032978	239.037225098022
PHG72/LH82	NA	151.338142010345	NA	NA	189.238496589541	191.443612352467	179.891969040826	188.807506794745	183.825878836599	177.382464973681	184.561926206545	187.139157348109	214.048246001839	206.724489769624	225.627824518339
PHG80/LH82	155	186.110038168593	197.840279939247	NA	NA	196.679371333213	NA	234.243028900984	224.174789784496	238.081646927902	228.100364290539	NA	NA	237.724489769624	NA
PHHV4/LH82	170	209.647921487863	193.706080123569	202.730745301135	NA	NA	NA	NA	NA	NA	NA	204.904628982265	NA	NA	NA
PHJ40/LH82	NA	168.109122670874	NA	NA	195.774094428211	184.809813711841	NA	194.808240824316	215.500348637361	NA	201.206815087012	NA	225.102537334802	237.408134074845	241.224564022131
PHKE6/LH82	NA	150.467661101823	NA	NA	173.962028719872	176.457018008621	NA	204.061466870079	189.000138498296	199.469459255362	NA	NA	231.939818803407	221.023577629332	NA
PHR25/LH82	140	167.556191652693	162.928003335646	178.632420041936	NA	NA	NA	201.421659930498	201.825878836599	NA	NA	NA	220.979215496789	235.830585813208	NA
PHRE1/LH82	NA	163.996455308038	NA	NA	194.443212892365	191.051366680968	NA	191.516023684317	216.825818193703	NA	NA	NA	231.713585023113	236.154238518973	238.13569346512
PHV63/LH82	NA	NA	145.249078914165	NA	NA	NA	NA	NA	204.174497003738	NA	NA	206.031404326675	221.048246001839	214.060367825138	NA
PHW53/LH82	130	NA	162.947986215788	167.964501937078	NA	NA	169.891969040826	NA	NA	192.531833364229	NA	187.904628982265	NA	NA	224.224564022131
R226/LH82	NA	184.646504039132	192.928003335646	184.296692662707	NA	NA	199.891969040826	NA	NA	NA	205.509023009706	200.14724731764	NA	NA	253.226378852393
SD101/LH82	NA	194.063915896633	NA	NA	178.556015024876	186.847725400419	NA	NA	NA	NA	181.358154811894	227.553150850647	NA	226.677364441389	225.709562706573
TX303/LH82	190	227.334761158222	245.018749418672	226.677045196095	244.223602617572	247.436310830515	260	254.460105152478	263.49989493082	260.06247683186	268.598580281399	242.808757503869	268.153207372169	298.524964780625	288.268816978729
W10004_0032/LH82	NA	153.56181003814	NA	174.730745301135	NA	156.667230572269	189.891969040826	210.425367508215	NA	NA	NA	184.38848755812	NA	NA	NA
W10004_0076/LH82	NA	NA	NA	NA	199.238496589541	215.613689515666	NA	NA	220.825818193703	220.182077338908	216.517890841875	NA	238.70512499309	230.402704124275	NA
W10004_0082/LH82	NA	193.448939635136	183.706080123569	181.923907919277	NA	NA	209.891969040826	241.379843494357	NA	218.797294713795	220.096241536322	225.834453615198	NA	NA	251.31124306164
W10004_0097/LH82	NA	170.059578070404	181.807718439225	180.451533276499	NA	NA	189.891969040826	219.168564554793	NA	219.942876324812	212.729967174224	205.31081490461	NA	NA	241.709562706573
W10004_0127/LH82	NA	193.059578070404	185.943562628017	192.964501937078	211.238496589541	190.081761285172	200.108030959174	230.425367508215	203.173933462401	200.182077338908	237.224840661078	226.031404326675	233.045319293166	253.229244476072	259.999605648113
W10004_0204/LH82	NA	250.39003369556	NA	NA	NA	179.919508038913	NA	NA	230.174353748741	NA	NA	NA	230.262764421999	NA	NA
W10004_0216/LH82	NA	217.839653466618	209.283968843852	214.964501937078	230.962028719872	229.457018008621	230.108030959174	235.560256298977	229.174793109127	211.556453537043	224.295786833498	244.584426354391	230.163165550374	246.876264889909	295.226378852393
W10004_0227/LH82	NA	188.201861214621	185.746880777058	194.461733144581	221.320019797108	206.932680633812	200.108030959174	225.425367508215	218.825025411614	228.081646927902	207.530422865098	219.723533417893	234.048246001839	252.29436105764	250.610359412202
W10004_0248/LH82	NA	192.839653466618	170.746880777058	190.923907919277	205.87310747945	186.395205840884	209.891969040826	221.421659930498	213.174353748741	220.618575160501	238.78780946945	215.621369704506	242.381850753061	244.755900324552	246.233757873393
Z013E0022/LH82	150	NA	NA	NA	NA	NA	199.891969040826	209.168564554793	NA	NA	193.904607164318	NA	NA	NA	NA
Z013E0087/LH82	160	NA	NA	185.451533276499	NA	NA	199.891969040826	218.609821033897	NA	NA	231.760564519984	204.621369704506	NA	NA	NA
Z022E0003/LH82	NA	NA	NA	NA	143.87310747945	NA	209.891969040826	NA	213.174856624346	NA	216.295786833498	NA	NA	NA	218.024806439343
Z022E0009/LH82	130	NA	148.686286355899	NA	NA	NA	189.891969040826	NA	NA	199.27387772413	215.096241536322	NA	NA	NA	NA
Z022E0048/LH82	NA	NA	NA	181.296692662707	NA	NA	NA	219.168564554793	NA	NA	NA	NA	240.262764421999	225.394690794628	245.13569346512
Z022E0072/LH82	NA	NA	179.455916523294	NA	NA	NA	NA	209.315426945414	210.825588952285	218.568999073727	NA	208.553150850647	NA	232.335671032978	NA
Z022E0108/LH82	160	NA	200.943562628017	NA	NA	NA	229.891969040826	204.875601905281	NA	228.790008835207	216.309017563254	NA	NA	239.335671032978	NA
Z022E0160/LH82	NA	NA	153.686286355899	NA	179.195989071605	NA	189.891969040826	209.062105942305	NA	NA	NA	220.02187562342	NA	NA	238.233757873393
