line_code	GAH1_15	MOH2_15	INH1_15	ILH1_15	NYH2_15	NCH1_15	NEH1_15	NYH3_15	OHH1_15	DEH1_15	NEH4_15	MNH1_15	WIH2_15	ONH2_15	WIH1_15
A634/LH82	NA	NA	65.6146966271098	NA	99.8138878659871	NA	NA	104.414630428527	86.1665862133804	90.6312395933156	NA	111.667837467578	120	103.50000010581	116.417920138714
A635/LH82	NA	NA	NA	NA	85.4737871583504	NA	NA	83.5483773704843	NA	NA	NA	99.6049865843756	NA	98.1258783339971	NA
A641/LH82	NA	NA	NA	80.4327926169195	79.923491115108	NA	80.0000000000001	83.5683708476151	NA	NA	NA	83.0721014034077	102	111.99999999011	115.800443333982
A672/LH82	NA	NA	NA	NA	83.3984723912875	NA	NA	99.8097840626445	NA	NA	107.643195697573	111.084701457948	117	120.499999937665	NA
A679/LH82	NA	NA	NA	NA	93.6837372816358	NA	NA	100.745660629608	98.2600133671998	NA	NA	103.859125881458	113	116.499999911439	123.620086423538
A680/LH82	NA	NA	82.7321429537815	NA	98.4069297366984	NA	110	109.816620384502	NA	NA	NA	120.664195891078	137	126.500000003912	137.720626624964
B103/LH82	NA	NA	NA	NA	96.2349413327495	NA	90	100.538624175558	104.329767728323	NA	NA	98.6641958910782	118	NA	NA
B104/LH82	60	68.4964687958209	NA	89.2308718264335	NA	91.1877055357854	NA	NA	NA	121.300547481039	NA	NA	133	126.874121669219	NA
B106/LH82	70	91.0360436174046	NA	NA	97.0599100425564	104.499617242249	100	NA	NA	118.003228273038	NA	NA	132	131.125878506974	147.313475260478
B109/LH82	NA	100.160997748048	89.7216194815351	NA	95.2290790931573	80.8723236495853	100	NA	103.164940265696	NA	NA	NA	145	107.874121718904	NA
B111/LH82	NA	63.7783884080065	NA	88.1914300794339	96.9404966303231	87.2224550831201	NA	NA	NA	73.9556308147926	91.4320149081868	88.8591258814583	110	106.125878349182	125.27160745926
B119/LH82	70	86.9059712072391	NA	84.0989697591232	110.131156105251	94.3473828244955	NA	NA	90.9400824592781	NA	119.630539247138	134.087056222694	132	NA	NA
B73_PHG39-1/LH82	70	55.0030420765699	NA	NA	NA	NA	100	NA	106.505480889425	111.743589159328	NA	NA	NA	NA	NA
B73_PHG39-10/LH82	70	NA	NA	73.7274153506046	NA	89.3473828244955	80	NA	NA	106.780143301445	107.643195697573	NA	NA	NA	NA
B73_PHG39-11/LH82	60	67.7151224067347	NA	101.127388477254	NA	NA	NA	NA	100.861793248597	NA	NA	NA	NA	NA	NA
B73_PHG39-12/LH82	NA	NA	87.5070347760815	NA	NA	83.6067583387315	90	NA	NA	88.5751816590067	97.6431956975727	NA	92.9999999999999	NA	NA
B73_PHG39-13/LH82	70	78.4360504377802	NA	NA	NA	NA	NA	NA	NA	95.6312395933155	117.425198071522	NA	118	NA	NA
B73_PHG39-2/LH82	80	90.8949277757484	NA	NA	NA	NA	NA	NA	97.3061316357021	NA	99.4429232203252	NA	NA	NA	NA
B73_PHG39-20/LH82	60	NA	NA	106.127388477254	NA	97.7816081200561	NA	NA	NA	126.575181659007	107.425198071522	NA	118	NA	NA
B73_PHG39-21/LH82	70	65.1403941677047	NA	88.8095840005229	NA	NA	90	NA	NA	NA	NA	NA	NA	NA	NA
B73_PHG39-24/LH82	70	NA	80.8412889313165	78.2578768950887	NA	92.5010330864908	NA	NA	NA	85.300547481039	NA	NA	NA	NA	NA
B73_PHG39-4/LH82	70	71.0360436174046	NA	77.462258431557	NA	NA	100	NA	NA	78.6312395933155	99.6305392471382	NA	NA	NA	NA
B73_PHG39-6/LH82	60	NA	60.350273969039	NA	NA	78.9736991074841	90	NA	NA	NA	87.7119964824619	NA	120	NA	NA
B73_PHG39-7/LH82	70	55.1403941677047	71.9720808439298	83.7274153506046	NA	NA	100	NA	NA	78.4640700585367	NA	NA	NA	NA	NA
B79/LH82	NA	NA	80.350273969039	79.2308718264335	NA	NA	80	NA	83.5054808894252	104.529149905936	109.630539247138	NA	NA	NA	NA
B97/LH82	75	86.5694109333061	101.475073725048	NA	118.940496630323	106.582390847912	120	125.861948484846	121.041107691105	NA	NA	117.072101403408	135	130.874121507746	NA
CG102/LH82	NA	NA	68.8705491723749	77.462258431557	82.9697547039937	NA	89.9999999999999	79.0151335387255	87.5848960199833	66.0032282730385	106.881113350041	93.0090555301689	105	104.500000060957	118.308330444483
CG104/LH82	NA	NA	NA	NA	82.7089831685887	NA	NA	104.059822186759	NA	NA	NA	121.550692655474	125	152.499999908911	NA
CG110/LH82	NA	NA	NA	NA	83.5528660228113	NA	NA	94.4146304285267	NA	NA	NA	106.084701457948	105	120.000000029443	NA
CG118/LH82	NA	NA	NA	NA	73.1336432232364	NA	NA	84.9959025299796	NA	NA	NA	NA	112	103.999999892117	NA
CG119/LH82	NA	NA	80.8412889313165	97.3022683403887	98.9610067684686	NA	NA	NA	NA	NA	NA	NA	NA	113.125878349182	NA
CG120/LH82	NA	NA	NA	NA	84.0901028203387	NA	NA	97.7150608195704	NA	NA	NA	111.859125881458	100	104.499999928464	122.800443333982
CG121/LH82	NA	NA	NA	NA	92.3194140916019	NA	NA	94.1700267746089	93.0449416326395	114.027405747025	NA	91.5506926554743	115	112.00000002001	NA
CG65/LH82	NA	NA	NA	NA	80.2368256179545	NA	NA	93.7575344530427	NA	NA	NA	102.087056222694	103	119.500000016561	NA
CGR03/LH82	NA	NA	NA	NA	107.013649395308	NA	NA	100.678247718005	NA	NA	NA	116.667837467578	117	118.50000010581	121.896034264002
CGX333/LH82	NA	NA	NA	NA	95.7668486004534	NA	NA	109.316939437936	NA	NA	NA	100.471341208308	112	123.500000065558	NA
CM105/LH82	NA	NA	NA	NA	NA	NA	80.0000000000001	101.855858208661	NA	NA	NA	100.195194711291	100	NA	113.800443333982
CML103/LH82	NA	130.140394167705	NA	NA	NA	126.142771752904	120	NA	139.6209811398	134.445605688479	NA	NA	NA	NA	NA
CML247/LH82	NA	115.894927775748	129.97208084393	NA	NA	125.231408579166	140	NA	NA	134.782478475076	NA	NA	NA	NA	NA
DK4676A/LH82	NA	50.1609977480484	46.5070347760815	NA	NA	81.8617930058153	NA	NA	92.8682110005324	NA	NA	NA	NA	NA	119.27160745926
DKFBHJ/LH82	NA	78.7783884080065	NA	NA	NA	92.5896049351546	80	NA	NA	78.6006127722794	101.712004288066	88.8290864308826	NA	NA	NA
GEMS-0146/LH82	85	82.7151224067347	NA	96.1273884772536	NA	83.2314085791663	90	NA	103.459165668886	93.300547481039	99.9528333974142	NA	NA	NA	136.001006667301
GEMS-0148/LH82	NA	NA	74.5573151583103	NA	NA	NA	90	NA	115.370860939358	116.631239593316	110.641011581873	NA	NA	NA	151.720626624964
GEMS-0149/LH82	NA	NA	76.5613649868185	101.527228914415	NA	NA	110	NA	111.044941632639	150.586975693581	107.711996482462	NA	NA	NA	138.896034264002
GEMS-0150/LH82	75	119.401672649469	81.9720808439298	124.098969759123	NA	NA	120	123.117589390421	115.728081243224	115.782478475076	121.712004288066	121.846021403535	133.5	148.999999942954	131.456780141905
GEMS-0162/LH82	75	61.9059712072391	82.9315293876126	84.2183692104631	96.4175377271013	NA	80	NA	82.8617932485973	116.780143301445	117.643195697573	NA	131.5	122.500000055205	154.702688708782
GEMS-0163/LH82	100	100.160997748048	85.6379954383598	114.230871826433	NA	117.644442540927	110	NA	118.505480889425	127.389140167903	122.43556064421	NA	NA	NA	153.451553558159
GEMS-0182/LH82	90	99.359408036537	112.674383788465	93.7528186526241	NA	111.501033086491	120	NA	113.505480889425	130.586975693581	111.372470404935	112.121105453422	NA	NA	136.73245262579
GEMS-0219/LH82	80	94.6158108630188	NA	98.6344301855945	NA	109.142771752904	NA	NA	NA	NA	NA	NA	NA	NA	NA
LH132/LH82	65	NA	100.61469662711	88.5672775297272	79.4320750698287	NA	NA	112.855858208661	88.6209811398004	113.53412618079	NA	92.4664873432799	103	120.874121450237	118.620086423538
LH145/LH82	NA	64.4669979688923	NA	NA	96.8502204135611	106.347382824495	110	107.604943428205	113.164940265696	NA	NA	115.183972303119	113.5	121.000000026914	122.456780141905
LH146HT/LH82	NA	71.5694109333062	NA	88.2578768950887	NA	87.5010330864908	100	NA	NA	NA	107.425198071522	NA	NA	128.50000010305	136.001006667301
M0001/LH82	80	71.0360436174046	NA	NA	85.2349413327495	NA	NA	88.538624175558	NA	95.7435891593279	NA	103.068118580911	NA	NA	124.571029747325
M0003/LH82	NA	63.4360504377802	76.0891242071353	NA	NA	NA	NA	NA	NA	NA	106.335383057361	108.413124475962	NA	101.125878389666	NA
M0008/LH82	NA	88.7783884080065	NA	82.462258431557	92.8936874049211	103.682613418012	NA	98.6375159160676	101.459165668886	103.003228273038	NA	NA	117	NA	129.628476312856
M0012/LH82	NA	NA	68.9720808439298	NA	96.0117708535718	84.3473828244955	90	89.9290033698404	NA	NA	NA	108.550692655474	103	106.874121718904	NA
M0014/LH82	NA	76.5694109333062	NA	NA	63.8352113766441	NA	NA	99.1124767861236	79.7280812432244	NA	77.6431956975727	NA	NA	112.874121704646	NA
M0015/LH82	50	NA	NA	88.6344301855944	102.045822003066	NA	89.9999999999999	NA	NA	NA	NA	101.072101403408	115	126.874121669219	113.282158406669
M0028/LH82	NA	NA	NA	88.8095840005229	NA	NA	90	79.3061754110009	NA	NA	109.952833397414	94.1951947112906	NA	NA	NA
M0033/LH82	NA	85.0030420765699	NA	NA	91.9404966303231	NA	NA	105.909787209422	109.16658621338	NA	121.712004288066	NA	NA	NA	NA
M0039/LH82	NA	NA	91.1222602590912	NA	91.131156105251	NA	NA	125.771292284159	NA	106.575181659007	NA	NA	NA	133.874121704646	119.628476312856
M0041/LH82	NA	NA	90.9672773034838	NA	99.2290790931573	NA	110	110.861948484846	107.868211000532	106.003228273038	NA	124.084701457948	NA	NA	NA
M0052/LH82	60	NA	82.9564187085748	NA	102.23494133275	106.871055573601	NA	NA	NA	NA	NA	131.799817357507	NA	121.125878367584	NA
M0058/LH82	60	89.3594080365371	77.6379954383598	NA	NA	NA	NA	NA	NA	NA	100.641011581873	108.550692655474	NA	NA	NA
M0077/LH82	NA	NA	85.6146966271098	NA	100.985891267349	NA	100	NA	105.301581039434	116.782478475076	NA	110.667837467578	NA	131.874121631039	NA
M0083/LH82	NA	NA	NA	95.0454404457733	NA	89.871055573601	NA	85.538624175558	NA	NA	107.919236833261	NA	108	NA	110.27160745926
M0088/LH82	NA	NA	NA	88.5672775297272	NA	95.2314085791663	NA	NA	NA	NA	91.4320149081868	NA	105	126.874121732249	NA
M0101/LH82	NA	NA	NA	NA	106.566566973849	114.501033086491	NA	102.861948484846	NA	NA	NA	NA	NA	NA	134.061608417512
M0116/LH82	NA	NA	63.8705491723749	NA	NA	110.589604935155	NA	96.6375159160676	NA	NA	119.992051987653	100.174495535279	NA	NA	NA
M0118/LH82	NA	74.6158108630188	NA	108.567277529727	NA	91.5010330864908	NA	NA	NA	NA	NA	NA	112	132.125878289833	133.968916485644
M0143/LH82	NA	NA	NA	NA	NA	NA	110	109.280883486569	NA	NA	NA	94.8591258814583	NA	116.874121450237	NA
M0154/LH82	NA	65.8949277757484	78.1222602590912	NA	108.086802160293	93.1877055357854	110	NA	93.5054808894252	NA	NA	97.6641958910782	NA	NA	NA
M0163/LH82	NA	64.0051044726268	NA	NA	NA	NA	100	92.3061754110009	87.8617932485972	NA	107.643195697573	102.072101403408	NA	103.874121718904	122.27160745926
M0262/LH82	70	NA	NA	NA	NA	NA	110	NA	NA	NA	NA	92.1951947112906	112	101.874121669219	122.001006667301
M0266/LH82	NA	NA	NA	98.5672775297272	NA	NA	NA	NA	105.728081243224	NA	NA	NA	122	129.874121669219	NA
N542/LH82	60	65.1403941677047	66.5596205374652	86.1273884772536	NA	82.9736991074841	90	NA	82.500420834456	91.0274057470253	NA	NA	NA	NA	NA
NKH8431/LH82	70	89.7976454713677	75.8412889313165	NA	NA	90.9736991074842	NA	NA	92.2600133671998	NA	121.432014908187	NA	NA	NA	NA
OH43/LH82	55	56.9059712072391	NA	99.2183692104631	NA	NA	90	NA	NA	NA	NA	95.5088187247807	NA	NA	NA
PHB47/LH82	60	61.5694109333061	58.5613649868185	72.3022683403887	NA	98.0299391594	110	NA	103.500420834456	NA	100.566539567277	NA	NA	121.125878289833	122.720626624964
PHG72/LH82	NA	NA	74.5070347760815	88.6344301855944	94.9404966303231	NA	90	100.757619640443	95.9204997910348	97.5341261807896	87.7119964824619	91.1442051074729	110	118.125878472474	119.702688708782
PHG80/LH82	55	79.3594080365371	61.5613649868185	92.5975818508901	NA	NA	NA	89.007167587395	101.459165668886	NA	111.712004288066	114.068118580911	NA	111.125878472474	NA
PHHV4/LH82	70	63.7783884080066	89.9315293876126	NA	NA	99.4996172422491	NA	NA	NA	74.7801433014453	NA	NA	NA	NA	NA
PHJ40/LH82	NA	NA	72.5306025255325	97.4860766923111	102.49883106046	NA	NA	100.850147826999	100.119182155207	NA	NA	111.077587401803	109	130.999999908911	134.896034264002
PHKE6/LH82	NA	NA	78.350273969039	81.1008538576608	72.613638666829	NA	NA	91.6375159160676	NA	NA	98.832414939938	93.5883280961795	109.5	107.125878378162	NA
PHR25/LH82	50	50.1609977480484	79.721619481535	87.462258431557	NA	96.5010330864908	NA	NA	NA	NA	NA	105.144205107473	115	123.125878506974	NA
PHRE1/LH82	NA	NA	66.2980794916084	91.6184352626036	93.8984723912875	NA	NA	86.1606837339758	NA	NA	NA	100.174495535279	112.5	121.999999948706	121.451553558159
PHW53/LH82	50	49.7976454713677	NA	NA	NA	79.582390847912	90	NA	NA	79.7801433014452	104.963281516868	NA	NA	NA	106.896034264002
R226/LH82	NA	110.160997748048	82.8579497446162	NA	NA	110.380310676196	100	NA	103.932232674712	105.464070058537	NA	NA	NA	NA	152.282158406669
SD101/LH82	NA	NA	80.4750737250482	NA	77.5714634794114	NA	NA	84.8994010486958	96.0449416326395	127.529149905936	NA	NA	NA	119.999999910982	108.620086423539
TX303/LH82	85	136.959391287856	99.4824852980744	121.794823454405	147.401403511084	133.613416694419	135	147.757534453043	136.064112183866	128.369054644934	139.126791877488	151.968914275794	162.5	158.000000049916	176.599753030091
W10004_0032/LH82	NA	NA	64.5573151583103	83.7528186526241	NA	95.4996172422491	100	81.7240916664502	NA	77.0032282730385	NA	NA	NA	NA	NA
W10004_0076/LH82	NA	NA	NA	NA	91.9404966303231	NA	NA	97.9429438887307	104.16658621338	NA	106.881113350041	123.174495535279	125	102.874121718904	NA
W10004_0082/LH82	NA	83.7783884080065	98.1222602590912	105.43279261692	NA	86.6067583387315	120	NA	107.728081243224	143.140497376519	117.425198071522	NA	NA	NA	149.745549462822
W10004_0097/LH82	NA	72.453091686697	77.9672773034838	88.8095840005229	NA	91.2314085791663	100	NA	100.868211000532	98.0274057470253	101.372470404935	NA	NA	NA	126.620086423538
W10004_0127/LH82	NA	64.6158108630188	108.967277303484	113.752818652624	116.940496630323	103.582390847912	90	102.855858208661	117.370860939358	124.445605688479	106.881113350041	89.8290864308826	118	123.874121533046	137.800443333982
W10004_0204/LH82	NA	NA	113.63799543836	NA	NA	NA	NA	93.9290033698404	NA	NA	NA	119.508254035011	117	NA	NA
W10004_0216/LH82	NA	89.0051044726267	107.956418708575	111.527228914415	103.613638666829	116.582390847912	110	135.637515916068	111.6209811398	137.389140167903	99.9528333974142	122.46648734328	137	123.125878333997	170.282158406669
W10004_0227/LH82	NA	73.4964687958209	77.6146966271098	118.752818652624	113.578918140647	94.6395463037256	100	101.280883486569	110.940082459278	102.600612772279	131.712004288066	112.413124475962	120	124.874121454381	134.968916485644
W10004_0248/LH82	NA	53.496468795821	79.9564187085748	92.462258431557	87.2349413327495	111.606758338732	90	98.8619484848461	113.505480889425	103.743589159328	99.9920519876525	127.508254035011	132	143.874121450237	137.313475260478
Z013E0022/LH82	80	NA	NA	78.8095840005229	NA	NA	100	NA	102.306131635702	NA	NA	NA	NA	NA	NA
Z013E0087/LH82	60	NA	NA	104.230871826433	NA	93.2314085791663	90	NA	98.8617932485973	87.7435891593279	NA	NA	NA	NA	NA
Z022E0003/LH82	NA	NA	NA	NA	87.2349413327495	NA	90	NA	83.6209811398004	NA	NA	127.830358925301	NA	NA	99.2716074592602
Z022E0048/LH82	NA	NA	NA	83.8095840005229	NA	83.3803106761964	NA	NA	NA	NA	NA	NA	100	120.125878304554	118.451553558159
Z022E0072/LH82	NA	59.4016726494689	NA	88.5672775297272	NA	NA	NA	NA	NA	80.5291499059357	97.9192368332606	86.5088187247807	NA	112.125878289833	NA
Z022E0160/LH82	NA	55.4137723545875	NA	87.3022683403887	78.9998640775584	NA	90	NA	NA	107.300547481039	NA	NA	NA	NA	127.313475260478
