line_code	TXH1_15	TXH2_15	NEH4_15	NEH2_15	INH1_15	NEH1_15	KSH1_15	SDH1_15	NEH3_15	MNH1_15	OHH1_15	NYH2_15	NCH1_15	NYH3_15	DEH1_15	ONH2_15	ONH1_15
A634/LH82	NA	NA	NA	NA	14.2	NA	NA	17.4439344022537	NA	15.4000000275018	14.7440376145037	15.65	NA	17.1501018590866	15.9826002151131	19.9779538581629	28.1020992841379
A635/LH82	NA	NA	NA	NA	NA	NA	NA	14.3535682892672	NA	15.3000000275018	NA	15.7484298252758	NA	17.111261895403	NA	18.3154720273307	28.3052219294307
A641/LH82	NA	NA	NA	NA	NA	14.7342617986425	NA	13.7707347588586	NA	14.9999999724982	NA	16.45	NA	17.1070511268589	NA	19.0161744676035	24.6514955451828
A672/LH82	NA	NA	15.2523831569424	12.6304014361718	NA	NA	NA	12.7154864693323	14.2760045063245	14.5999999724982	NA	15.2	NA	16.6581945156798	NA	19.2125239609084	27.7755097587892
A679/LH82	NA	NA	NA	NA	NA	NA	NA	13.1823879069262	18.2101088857419	15.6000000275018	14.955962385496	16.3	NA	16.754217922989	NA	21.2794393949122	28.7849421573187
A680/LH82	NA	NA	NA	NA	13.4	14.8541294562785	NA	15.0081706251788	NA	16.5999999724982	NA	16.6	NA	17.7549765284715	NA	23.2048253744863	33.5229505422987
B103/LH82	NA	NA	NA	NA	NA	14.5735860365191	NA	NA	NA	21.4999999724982	20.155962385496	20.9515701747242	NA	24.5022816103476	NA	NA	32.7679535785221
B104/LH82	11.3	13.4023690622992	NA	NA	NA	NA	15.960319758711	NA	NA	NA	NA	NA	17.313699447386	NA	18.2173998620534	26.5464245990576	NA
B106/LH82	10.95	12.0023690622992	NA	NA	NA	15.9735860365191	13.8074539472074	NA	NA	NA	NA	17.3515701747242	16.942017784153	NA	18.8173997935391	23.7233797439832	NA
B109/LH82	NA	NA	NA	21.2968366626743	16	15.1735860365191	15.9762027556055	NA	18.0103108714161	NA	17.8440376145037	17.5515701747242	18.3780705076723	NA	NA	26.5537401826408	NA
B111/LH82	NA	NA	14.3157196047435	NA	NA	NA	14.3067510140288	NA	13.4807199241682	16.6000000275018	NA	17.8484298252758	17.258435615363	NA	17.7826001705723	25.6955068636758	NA
B119/LH82	10.6	12.9410575050256	14.0906834453909	NA	NA	NA	13.7050339949604	15.2802292830123	17.5103108714161	16.6999999724982	14.8440376145037	16.4484298252758	17.4433204007837	NA	NA	NA	NA
B73_PHG39-1/LH82	10.8	11.5342648294982	NA	NA	NA	14.3256241808162	NA	NA	NA	NA	17.6440376145037	NA	NA	NA	18.8826001868852	NA	NA
B73_PHG39-10/LH82	10.8	NA	14.0523831569423	NA	NA	14.5330842318171	14.1820260770086	NA	NA	NA	NA	NA	17.2433204007837	NA	18.9826002521369	NA	NA
B73_PHG39-12/LH82	NA	NA	14.0523831569423	NA	15	13.4997747008065	16.860319758711	NA	NA	NA	NA	NA	17.1306810164601	NA	18.9826001955376	NA	NA
B73_PHG39-13/LH82	11.4	11.9621530122428	14.7784127746124	NA	NA	NA	NA	NA	NA	NA	NA	NA	NA	NA	19.7826002151131	NA	NA
B73_PHG39-18/LH82	10.7	11.7981265358776	14.6708383295697	NA	NA	NA	NA	NA	NA	NA	18.755962385496	NA	NA	NA	NA	NA	NA
B73_PHG39-20/LH82	NA	NA	14.5784127746124	NA	NA	NA	14.1762027556055	NA	NA	NA	NA	NA	16.4119076706801	NA	18.2826001955376	NA	NA
B73_PHG39-24/LH82	NA	NA	NA	NA	14.3	NA	17.4074539472074	NA	NA	NA	NA	NA	17.3026288408644	NA	20.0173998620534	NA	NA
B73_PHG39-6/LH82	11.7	NA	14.9316402851824	NA	16.4	15.525421840761	13.8227774770766	NA	NA	NA	NA	NA	17.0800732828631	NA	NA	NA	NA
B73_PHG39-7/LH82	NA	12.4923603351949	NA	NA	14.6	14.9657248347061	NA	NA	NA	NA	NA	NA	NA	NA	18.9173998273003	NA	NA
B79/LH82	NA	NA	14.9906834453909	NA	15.2	16.2687997938489	NA	NA	NA	NA	18.6440376145037	NA	NA	NA	18.0173998664513	NA	NA
B97/LH82	10.2	11.0001235163188	NA	NA	14.9	14.284995575289	15.1820260770086	17.5214165113811	14.2197799095263	16.9999999724982	14.6440376145037	17.5484298252758	17.4488941133464	18.2568540738568	NA	21.2521855342839	32.3975716220715
CG102/LH82	NA	NA	14.5309080623328	NA	13.3	13.8448146740931	NA	13.386857490475	NA	15.7	14.2999999999999	16.1	NA	17.326192441294	18.5173997935391	18.8056157095981	26.8378133876187
CG104/LH82	NA	NA	NA	NA	NA	NA	NA	12.7787413819628	NA	14.6000000275018	NA	15.55	NA	16.0944871658248	NA	16.2633755567697	24.4328729321296
CG108/LH82	NA	NA	NA	NA	NA	NA	NA	14.7008228971967	NA	NA	NA	NA	NA	16.3551365575714	NA	18.9193008669689	27.9330883753292
CG110/LH82	NA	NA	NA	NA	NA	NA	NA	13.3304860240933	NA	16.0999999724982	NA	16.3	NA	16.7501018590866	NA	18.8599417172543	24.3874498492983
CG118/LH82	NA	NA	NA	NA	NA	NA	NA	13.0178662648251	NA	NA	NA	16.15	NA	17.0714370988847	NA	19.1346803766686	26.0172602818319
CG119/LH82	NA	NA	NA	NA	13.1	NA	NA	13.8399673467078	15.1950706014878	NA	NA	15.65	NA	NA	NA	17.5955068636758	25.7929546001427
CG120/LH82	NA	NA	NA	NA	NA	NA	NA	14.6929775510792	NA	14.8000000275018	NA	15.8	NA	16.838316563182	NA	19.4738461989798	25.9824961987753
CG121/LH82	NA	NA	NA	13.4930334740365	NA	NA	NA	14.4638672829054	NA	14.8000000275018	12.655962385496	15.65	NA	15.7239934560019	16.9173998653159	17.0310529816034	24.2323615499302
CG65/LH82	NA	NA	NA	12.9968366626743	NA	NA	NA	15.0462246197431	NA	15.0999999724982	NA	15.75	NA	15.4861405315184	NA	18.1931040950857	24.6153076271277
CGR03/LH82	NA	NA	NA	13.7304014361718	NA	NA	NA	15.9810957595116	NA	15.5000000275018	NA	15.9505233915747	NA	16.3183341133767	NA	19.7779538581629	25.4524512600572
CGX333/LH82	NA	NA	NA	NA	NA	NA	NA	17.5207347588586	NA	16.5999999724982	NA	16.55	NA	16.1512854260986	NA	22.09715364311	28.7637273744759
CM105/LH82	NA	NA	NA	NA	NA	14.5256241808162	NA	NA	12.5891104255047	14.5999999724982	NA	NA	NA	15.1251604309475	NA	NA	23.5982231721363
CML103/LH82	NA	NA	NA	NA	NA	13.3997747008065	16.0227774770766	NA	NA	NA	19.155962385496	NA	17.6398831758567	NA	20.0825999932575	NA	NA
CML247/LH82	NA	NA	NA	16.0930334740365	21.9	20.9113271330846	17.6003730585026	NA	17.0257238703985	NA	NA	NA	18.4062821600955	NA	23.2173997968017	NA	NA
CML69/LH82	12.6	15.1187366568021	NA	20.8930334740365	NA	17.5330842318171	16.781461384937	NA	NA	NA	NA	NA	18.8062821600955	NA	NA	NA	NA
DK4676A/LH82	NA	NA	NA	13.3524395868991	13.6	NA	NA	NA	17.7814812180731	NA	15.3440376145037	NA	16.1978394953045	NA	NA	NA	NA
DKFBHJ/LH82	NA	NA	15.6215622820193	NA	NA	14.125421840761	14.560319758711	NA	13.2138911720247	16.8000000275018	NA	NA	17.7238090498732	NA	20.6826001999356	NA	NA
GEMS-0146/LH82	11.15	12.3843910869148	14.1609270804466	13.5530309255878	NA	16.1798217983469	13.7669502324417	NA	NA	NA	16.3440376145037	NA	17.4062821600955	NA	19.8173998620534	NA	NA
GEMS-0148/LH82	NA	NA	13.9801601459547	NA	16.8	14.8256241808162	NA	NA	NA	NA	18.7440376145037	NA	NA	NA	19.7826002151131	NA	NA
GEMS-0149/LH82	NA	NA	14.5316402851824	14.7304014361718	16.6	14.7243813727559	NA	NA	16.1175956059491	NA	18.655962385496	NA	NA	NA	18.3173997522609	NA	NA
GEMS-0150/LH82	NA	12.930349394805	15.2215622820193	18.9522077767379	15.8	14.4256241808162	13.4549374299591	21.3993459353326	NA	17.2	18.8440376145037	NA	NA	18.5755089185302	19.3173997968017	24.9820615147983	NA
GEMS-0162/LH82	11.4	13.7993316370299	14.5523831569424	15.8131223464705	16.6	13.9997747008065	18.1050339949604	NA	NA	NA	20.755962385496	19.8	NA	NA	20.1826002521369	28.274855039529	33.7343499807647
GEMS-0163/LH82	10.55	11.604196302709	14.2268621292014	14.8968366626743	13.2	16.0429691128523	14.256105416558	NA	NA	NA	17.5440376145037	NA	17.7075552163079	NA	18.7826000585092	NA	NA
GEMS-0182/LH82	11	11.0272050622178	14.2306407952494	14.8968366626743	13.7	13.7687997938489	16.2313981666707	NA	NA	17.95	17.8440376145037	NA	16.6026288408644	NA	19.2173997522609	NA	NA
GEMS-0219/LH82	NA	12.9085547575719	NA	12.5242508955117	NA	NA	15.981461384937	NA	12.5814812180731	NA	NA	NA	17.3398831758567	NA	NA	NA	NA
LH132/LH82	11.8	13.4455049099148	NA	14.3453850341069	14	NA	NA	17.6563372721408	14.2891104255047	17.1000000275018	19.955962385496	19.5515701747242	NA	20.5251604309475	19.2826002085879	22.8538887260065	30.6595011704297
LH145/LH82	NA	NA	NA	NA	NA	14.725421840761	13.681461384937	14.0172074989146	13.4175956059491	15.05	14.2440376145037	15.7	17.3433204007837	15.9245964215603	NA	17.9640174180092	25.0785363962506
LH146HT/LH82	NA	NA	14.0784127746124	12.4930334740365	NA	14.5615789943948	13.9067510140288	12.6473374843993	NA	NA	NA	NA	16.3026288408644	NA	NA	16.0520495752824	NA
M0001/LH82	10.7	12.7358754168759	NA	13.0580902857986	NA	NA	NA	NA	NA	15.5000000275018	NA	15.7515701747242	NA	15.8022816103476	17.9826001868852	NA	27.7369489415922
M0003/LH82	NA	NA	14.6672849381241	NA	14	NA	NA	NA	12.5175956059491	17.2999999724982	NA	NA	NA	NA	NA	23.173458835451	NA
M0008/LH82	NA	NA	NA	14.2810835934975	NA	NA	14.7669502324417	NA	NA	NA	15.4440376145037	16.8515701747242	18.1991593956099	19.0261138202635	17.1173997935391	NA	29.9982231721363
M0012/LH82	NA	NA	NA	NA	15.2	14.6332998757322	14.856105416558	NA	15.4197799095263	16.8000000275018	NA	18.8515701747242	16.6433204007837	21.0602510203504	NA	28.0537401826408	30.6595011704297
M0014/LH82	NA	NA	14.4523831569424	NA	NA	NA	NA	NA	NA	NA	17.0440376145037	19.2484298252758	NA	18.4904940626355	NA	22.0325279723426	29.7982231721363
M0015/LH82	11.1	NA	NA	NA	NA	14.1113271330846	NA	NA	16.1900401264962	15.8999999724982	NA	18.5484298252758	NA	NA	NA	20.8464245990576	NA
M0028/LH82	NA	NA	14.9609270804466	NA	NA	15.6243813727558	NA	NA	NA	15.5999999724982	NA	NA	NA	17.0907668167099	NA	NA	31.2052219294307
M0033/LH82	NA	NA	14.7215622820193	NA	NA	NA	NA	NA	NA	NA	18.2440376145037	16.4484298252758	NA	16.9409527863193	NA	NA	30.1989766388451
M0039/LH82	NA	NA	NA	14.1131223464704	14.7	NA	NA	NA	NA	NA	NA	16.9484298252758	NA	18.0530989830862	17.9826001955376	20.7325279723426	32.5032499295448
M0041/LH82	NA	9.16613751772595	NA	NA	13.9	15.8243813727558	NA	NA	14.0760045063245	15.4999999724982	14.2440376145037	15.4515701747242	NA	16.2568540738568	19.2173997935391	NA	29.0559569113826
M0052/LH82	10.2	NA	NA	NA	14	NA	13.9829335522744	NA	NA	19.4000000275018	NA	17.5515701747242	16.4696243589365	NA	NA	23.9728623875329	NA
M0058/LH82	10.4	NA	14.3801601459547	15.2031987879646	15.3	NA	NA	NA	NA	17.7000000275018	NA	NA	NA	NA	NA	NA	NA
M0077/LH82	NA	18.5341449860665	NA	NA	16.7	15.2243813727559	NA	NA	18.3896262982227	17.9000000275018	16.955962385496	18.9484298252758	NA	NA	18.8173997968017	25.5368420715312	NA
M0083/LH82	NA	13.9138326508817	14.0395536069229	14.1242508955117	NA	NA	14.0549374299591	NA	NA	NA	NA	NA	17.4696243589365	19.3022816103476	NA	NA	30.0369489415922
M0088/LH82	NA	NA	14.5157196047435	NA	NA	NA	13.056105416558	NA	21.5138911720247	NA	NA	NA	15.9062821600955	NA	NA	22.3377725837452	NA
M0101/LH82	NA	NA	NA	NA	NA	NA	12.1762027556055	NA	14.5896262982227	NA	NA	15.8515701747242	16.7026288408644	16.9568540738568	NA	NA	31.5052219294307
M0116/LH82	NA	NA	14.785399489179	NA	13	NA	16.2820260770086	NA	NA	15.7999999724982	NA	NA	16.1238090498732	15.9261138202635	NA	NA	NA
M0118/LH82	NA	NA	NA	NA	NA	NA	15.7313981666707	NA	13.6257238703985	NA	NA	NA	16.1026288408644	NA	NA	23.1301358143418	NA
M0143/LH82	NA	NA	NA	NA	NA	15.3615789943949	NA	NA	NA	17.0000000275018	NA	NA	NA	23.1889418227702	NA	25.9538887260065	33.3429461755457
M0154/LH82	NA	NA	NA	NA	14.3	14.6330842318171	13.6787535779617	NA	15.2149669575066	17.5999999724982	15.4440376145037	17.1515701747242	16.213699447386	NA	NA	NA	NA
M0163/LH82	NA	NA	14.9523831569424	14.6810835934975	NA	14.3798217983468	NA	NA	13.7780662895279	16.6999999724982	16.855962385496	NA	NA	18.6907668167099	NA	20.9537401826408	31.2667692254142
M0262/LH82	11.2	10.1138326508817	NA	NA	NA	14.2243813727559	NA	NA	13.315714701658	15.7999999724982	NA	NA	NA	NA	NA	20.6464245990576	NA
M0266/LH82	NA	11.4724136168147	NA	NA	NA	NA	NA	NA	17.2798303315595	NA	14.6440376145037	NA	NA	NA	NA	22.5464245990576	NA
N192/LH82	10	11.4764990771376	14.9309080623328	NA	NA	14.1564939172974	15.3313981666707	NA	16.6891104255047	NA	NA	NA	16.7398831758567	NA	18.8826001999356	NA	NA
N501/LH82	10.7	11.6956175823262	NA	16.8125968709393	14.7	NA	15.560319758711	NA	NA	NA	NA	NA	16.9075552163079	NA	NA	NA	NA
N542/LH82	11.8	11.8703782873936	NA	NA	13.9	14.7256241808162	13.9787535779617	NA	NA	NA	18.755962385496	NA	17.380073282863	NA	19.7173998653159	NA	NA
NKH8431/LH82	10.4	11.23828220641	14.9157196047435	NA	13.3	NA	15.0762027556055	NA	21.8175956059491	NA	14.155962385496	NA	16.0800732828631	NA	NA	NA	NA
OH43/LH82	11.2	15.7823869760048	NA	NA	NA	16.6541294562785	NA	15.7611290619028	NA	17.3999999724982	NA	NA	NA	NA	NA	NA	NA
PHB47/LH82	11.3	11.3072264781098	14.4925069581929	14.3304014361718	14	14.1243813727559	13.9787535779617	NA	15.0149669575066	NA	14.055962385496	NA	16.3816947559773	NA	NA	20.4301358143418	NA
PHG72/LH82	NA	NA	14.7316402851824	12.6530309255878	13.5	14.5429691128523	NA	19.0175154172178	14.4103108714161	14.8999999724982	13.155962385496	15.8484298252758	NA	16.1595349575029	17.9826002085879	19.4966924829272	30.9264080298556
PHG80/LH82	12	12.1954405175347	15.0215622820193	NA	15.8	NA	NA	17.9751406495639	17.8760045063245	17.1000000275018	17.7440376145037	NA	NA	19.6984802690142	NA	24.4966924829273	31.5559569113826
PHHV4/LH82	10.55	14.2553433340665	NA	14.0304014361718	13.9	NA	13.5669502324417	NA	17.1103108714161	NA	NA	NA	16.442017784153	NA	19.8826002521369	NA	NA
PHJ40/LH82	NA	NA	NA	NA	13.6	NA	NA	13.967952884784	NA	15.95	14.2999999999999	16.6484298252758	NA	16.2566750017183	NA	19.8633755567697	28.8690043908707
PHKE6/LH82	NA	13.8748540338788	14.3962836828145	12.9542206111726	13.9	NA	NA	13.9175154172178	NA	18.85	NA	16.2484298252758	NA	16.5261138202635	NA	20.9119374953127	28.7330883753292
PHR25/LH82	10.2	16.9740487401899	NA	NA	12.8	NA	NA	13.2116410012058	13.2298630032085	14.4999999724982	NA	NA	16.6026288408644	NA	NA	17.4233797439832	NA
PHRE1/LH82	NA	NA	NA	13.6132343138022	13.25	NA	NA	13.2139194433014	13.0488784256333	15.5999999724982	NA	15.65	NA	16.1734450630589	NA	17.9628221848674	26.7899858168245
PHV63/LH82	NA	NA	NA	15.135875114807	NA	NA	NA	NA	18.9798303315595	18.3000000275018	NA	NA	NA	NA	19.7825999932575	21.7728623875329	NA
PHW53/LH82	NA	NA	13.9296888008435	NA	NA	13.6997747008065	15.0787535779617	NA	NA	NA	NA	NA	17.4488941133464	NA	17.3826002521369	NA	NA
R226/LH82	NA	NA	NA	16.5472241634802	15	15.5429691128523	20.1227774770766	NA	15.4840910876116	NA	17.3440376145037	NA	15.9861839037706	NA	20.4173998273003	NA	NA
SD101/LH82	NA	NA	NA	NA	13.9	NA	NA	16.7106051568019	NA	NA	14.755962385496	17.2	NA	19.1611671907613	18.8173998664513	21.69799604707	30.2032179145139
TX303/LH82	11.85	14.8708330333523	15.1307744287911	16.3695869396481	20	15.6805672928043	16.0915486178938	29.017525120315	16.2995384120111	22	20.2999999999999	18.7	18.7282246648272	20.0361405315184	21.199999983687	30.005317485639	36.1570301296857
W10004_0032/LH82	NA	NA	NA	14.1580902857986	14	14.6997747008065	18.4313981666707	14.4739211787272	13.4149669575066	NA	NA	NA	16.742017784153	17.761618065878	17.8173997935391	NA	31.6488487930075
W10004_0076/LH82	NA	NA	14.0309080623328	NA	NA	NA	NA	15.2406842854079	NA	15.4999999724982	15.2440376145037	15.5484298252758	NA	15.897173950575	NA	19.9537401826408	25.9679535785221
W10004_0082/LH82	NA	NA	14.1784127746124	14.9940331723364	14.3	14.884995575289	14.7577173507184	NA	NA	NA	16.6440376145037	NA	16.5306810164601	NA	18.9173997196351	NA	NA
W10004_0097/LH82	NA	NA	14.2306407952494	13.0125968709393	13.5	14.3429691128523	14.5050339949604	NA	13.4138911720247	NA	14.3440376145037	NA	16.6062821600955	NA	17.717399865316	NA	NA
W10004_0127/LH82	NA	NA	13.9309080623328	12.6580902857986	13.1	14.1615789943948	13.5472665071018	12.4997938022227	13.313665763655	15.0000000275018	15.1440376145037	15.8484298252758	15.4488941133464	17.8251604309475	16.2825999932575	19.6287429754826	28.5595011704297
W10004_0204/LH82	NA	NA	NA	NA	14.8	NA	NA	16.9406842854079	NA	17.3000000275018	NA	NA	NA	21.7602510203504	NA	NA	30.0088575498232
W10004_0216/LH82	NA	NA	14.6609270804466	12.5517026923621	13.1	14.425421840761	13.0820260770086	16.5802292830123	14.3896262982227	15.7000000275018	15.655962385496	15.9484298252758	16.5488941133464	18.3261138202635	18.1826000585092	22.5154720273307	30.0667692254142
W10004_0227/LH82	NA	NA	14.5215622820193	12.8242508955117	14.4	15.7342617986425	13.4067510140288	14.5103234693849	14.0794090514266	16.8999999724982	15.9440376145037	16.1484298252758	16.7673907525104	17.5889418227703	17.5826001999356	21.9231297066071	NA
W10004_0248/LH82	NA	NA	14.085399489179	13.6031987879646	13.2	14.7735860365191	13.7484122613137	13.0207537900715	16.0103108714161	16.1000000275018	14.5440376145037	15.6515701747242	16.5306810164601	16.1568540738568	18.3826001868852	18.9538887260065	31.8975716220715
Z013E0087/LH82	11.8	NA	NA	16.9125968709393	NA	15.484995575289	15.3227774770766	NA	15.0798303315595	NA	19.855962385496	NA	18.1062821600955	NA	20.2826001868852	NA	NA
Z022E0003/LH82	NA	11.7447702266544	NA	13.3524395868991	NA	14.4332998757322	NA	NA	NA	16.0000000275018	14.555962385496	15.9515701747242	NA	NA	NA	NA	NA
Z022E0072/LH82	NA	NA	14.0395536069229	NA	NA	NA	NA	NA	NA	16.8999999724982	NA	NA	NA	NA	19.6173998664513	19.8301358143418	NA
Z022E0108/LH82	10.2	NA	14.2307911317408	NA	NA	14.6798217983469	NA	13.8240915284444	NA	NA	15.655962385496	NA	NA	NA	NA	21.1301358143418	NA
