line_code	SDH1_15	TXH1_15	NEH1_15	NEH4_15	NEH3_15	NYH3_15	NYH2_15	NEH2_15	INH1_15	TXH2_15	NCH1_15	MNH1_15	DEH1_15	OHH1_15	ONH1_15	ONH2_15
A634/LH82	90.73886395532	NA	NA	NA	NA	98.1763673886968	NA	NA	114.529352357244	NA	NA	118.466280312158	132.2338097474	145.285502925435	166.980839429643	165.678550917299
A635/LH82	84.5293310254005	NA	NA	NA	NA	143.574809469667	104.649375347139	NA	NA	NA	NA	133.00965553593	NA	NA	199.428962928224	190.791947182586
A641/LH82	112.674643996347	NA	59.7179709089532	NA	NA	103.8371459352	100.993867836008	NA	NA	NA	NA	145.399030505588	NA	NA	137.271211389579	176.362642240555
A672/LH82	94.3895791949025	NA	NA	69.2963968786179	105.707681413808	96.3840476196925	101.723462333373	159.187534503769	NA	NA	NA	139.324511447662	NA	NA	178.713249968968	156.288210176782
A679/LH82	105.289528055465	NA	NA	NA	133.886177733563	96.0471457149448	117.570444092245	NA	NA	NA	NA	150.072983693373	NA	157.371474063103	203.231403050211	224.729298958583
A680/LH82	110.844940368988	NA	142.951446775703	NA	NA	130.609493266028	140.532418721266	NA	141.414421996331	NA	NA	167.911617761819	NA	NA	201.903327854012	218.391798986184
B103/LH82	NA	NA	133.288484615045	NA	NA	124.252470272289	118.851666436754	NA	NA	NA	NA	172.464948275159	NA	147.053224766054	201.696522061135	NA
B104/LH82	NA	150.3033915436	NA	NA	NA	NA	NA	NA	NA	163.157073480672	156.773478873549	NA	162.139641841985	NA	NA	194.74047162731
B109/LH82	NA	NA	109.669243714015	NA	102.390718462009	NA	136.970017349152	141.856086135261	144.196523810363	NA	149.584798408308	NA	NA	174.04567589734	NA	244.493804746464
B111/LH82	NA	NA	NA	119.841681554053	151.902409680519	NA	147.011093983567	NA	NA	NA	140.354956585504	161.092361540743	174.50672438095	NA	NA	199.929950275521
B119/LH82	105.645802644453	117.17434844956	NA	102.486350776171	106.908636776229	NA	87.9491836024574	NA	NA	146.489362109892	160.495638324555	147.210832126647	NA	169.277635300662	NA	NA
B73_PHG39-1/LH82	NA	104.63447597672	84.8956877179032	NA	NA	NA	NA	NA	NA	195.81289583843	NA	NA	154.780961967901	174.978271477519	NA	NA
B73_PHG39-12/LH82	NA	NA	104.327446590765	119.814459405978	NA	NA	NA	NA	183.096433723371	NA	140.654518684016	NA	182.871922258435	NA	NA	NA
B79/LH82	NA	NA	94.7611845499346	88.7435942319611	NA	NA	NA	NA	130.921263492326	NA	NA	NA	93.8271455601508	143.519498881369	NA	NA
B97/LH82	119.206243726738	135.25500101864	181.626092367515	NA	116.03828149766	147.35181285057	190.076631940367	NA	159.313583895376	163.807577404093	164.1395451415	178.053130235538	NA	169.673362585701	213.342721127168	190.996735324806
CG102/LH82	120.288504539864	NA	137.051064174354	104.556110715497	NA	113.487670733413	139.945376564222	NA	139.534894207068	NA	NA	157.655221896599	140.677298220437	145.057088715005	166.517581925312	187.109254963141
CG104/LH82	67.2631221835633	NA	NA	NA	NA	140.948302383496	108.389757224403	NA	NA	NA	NA	128.382584400788	NA	NA	164.251014659553	187.623306524034
CG108/LH82	90.9847822834759	NA	NA	NA	NA	84.6151203564118	NA	NA	NA	NA	NA	NA	NA	NA	181.130315603603	176.27164281095
CG110/LH82	75.9972682986842	NA	NA	NA	NA	99.9480142903518	129.868345759767	NA	NA	NA	NA	164.188072720002	NA	NA	199.343386137526	204.838161570712
CG118/LH82	93.877077940653	NA	NA	NA	NA	143.751588021184	135.50205668204	NA	NA	NA	NA	NA	NA	NA	182.771896434001	198.865423266634
CG119/LH82	118.052806265652	NA	NA	NA	137.343014632396	NA	115.748824959125	NA	113.737804507105	NA	NA	NA	NA	NA	170.730188329482	178.998741688071
CG120/LH82	94.2551329302985	NA	NA	NA	NA	140.522775317424	138.628739939667	NA	NA	NA	NA	159.445430011563	NA	NA	191.209366829313	194.355537463203
CG121/LH82	95.8157228609605	NA	NA	NA	NA	155.187228196895	160.617571218354	170.911076330452	NA	NA	NA	167.217363755688	144.622115572331	125.643586403443	202.628599556589	172.793888686373
CG65/LH82	125.526249459282	NA	NA	NA	NA	107.893858600925	124.64072496498	117.838529285631	NA	NA	NA	154.662360440727	NA	NA	204.599536086962	186.34987468998
CGR03/LH82	98.3473932673774	NA	NA	NA	NA	119.047132914679	123.805518211151	109.512118112589	NA	NA	NA	170.155075721428	NA	NA	203.052979214374	207.631181109894
CGX333/LH82	69.2306321839274	NA	NA	NA	NA	61.1748076216236	65.3973365067001	NA	NA	NA	NA	154.791037754179	NA	NA	180.731859595019	187.945141325665
CM105/LH82	NA	NA	87.8528745295932	NA	128.310706647774	108.495840079602	NA	NA	NA	NA	NA	155.23428362278	NA	NA	183.619176434011	NA
CML103/LH82	NA	NA	164.319921623915	NA	NA	NA	NA	NA	NA	NA	231.850565367257	NA	199.364086476686	216.724486008048	NA	NA
CML69/LH82	NA	130.070514123535	108.684921856373	NA	NA	NA	NA	131.092821444952	NA	152.846952625917	180.67575677945	NA	NA	NA	NA	NA
DKFBHJ/LH82	NA	NA	142.377336040573	122.121003595627	96.0510572134188	NA	NA	NA	NA	NA	143.890039122937	146.707037685934	150.973630581004	NA	NA	NA
GEMS-0146/LH82	NA	128.743181676435	159.169494745705	150.080144049143	NA	NA	NA	133.969735416975	NA	155.116033703259	160.233916553071	NA	165.206358420565	192.442201755673	NA	NA
GEMS-0148/LH82	NA	NA	85.1940452832632	139.151161422946	NA	NA	NA	NA	123.772244814225	NA	NA	NA	121.09048165255	146.69566956783	NA	NA
GEMS-0150/LH82	85.6421961744986	NA	135.638771377863	129.201702662217	NA	117.197929591146	NA	132.120566566341	115.553659982354	152.989698033925	NA	213.827334242139	148.513144557476	181.701492318555	NA	194.472975389249
GEMS-0162/LH82	NA	114.64996202408	70.1118582732646	89.2506572235878	NA	NA	134.046023834329	110.490703423507	187.28474483629	208.247966235718	NA	NA	208.565086584095	179.930915796905	240.627390343821	187.773689180455
GEMS-0163/LH82	NA	119.95004256723	184.010293549745	150.094324929838	NA	NA	NA	151.748950277111	156.435954900583	169.746504586913	189.882388169531	NA	175.74026481721	202.196009418149	NA	NA
GEMS-0182/LH82	NA	104.85137296972	164.212525174265	135.315012636556	NA	NA	NA	135.391979897671	206.944565820878	168.241096104277	199.6697187976	157.318713905066	160.004741374764	183.964388125569	NA	NA
LH132/LH82	140.640904338681	116.99339639072	NA	NA	107.684918502404	179.695214998432	142.104005997681	95.6510198065342	177.395464147794	155.664290081564	NA	145.13090673712	168.897756477185	158.287725259828	240.462292998233	223.270664298361
LH145/LH82	105.655390617897	NA	97.9931450232131	NA	117.744112426719	99.3569431867909	118.865513770532	NA	NA	NA	175.960727074155	158.938730684124	NA	165.4981458932	186.064948074251	234.463908025061
LH146HT/LH82	93.347012842857	NA	152.640754463123	106.525591574268	NA	NA	NA	120.960518810622	NA	NA	146.28754638157	NA	NA	NA	NA	188.253668511631
M0001/LH82	NA	126.5163491694	NA	NA	NA	144.735822514109	119.588099234354	131.133098932512	NA	148.360501071982	NA	160.321261157489	157.623999039281	NA	218.226048624123	NA
M0003/LH82	NA	NA	NA	110.579669338618	116.628977123919	NA	NA	NA	142.09940435573	NA	NA	157.454215150608	NA	NA	NA	186.979915675043
M0008/LH82	NA	NA	NA	NA	NA	85.4461671748664	127.64256995749	133.830377545385	NA	NA	143.61795288284	NA	143.470123964707	181.992220357733	208.508716703671	NA
M0012/LH82	NA	NA	74.6454204011646	NA	108.3956974496	121.252837784015	127.983433132417	NA	120.670605469444	NA	152.979421084055	144.409705271828	NA	NA	203.541517933933	149.780551419014
M0014/LH82	NA	NA	NA	140.337920934098	NA	137.511404459065	119.855660565019	NA	NA	NA	NA	NA	NA	133.471690145064	147.911627196541	183.825625363492
M0028/LH82	NA	NA	152.732458400675	74.8682624302525	NA	103.596748247668	NA	NA	NA	NA	NA	125.56524728947	NA	NA	175.215430200984	NA
M0039/LH82	NA	NA	NA	NA	NA	129.752029125727	123.267448528507	130.518597937727	120.058747750005	NA	NA	NA	151.153905126735	NA	210.63582885985	197.503812532052
M0041/LH82	NA	NA	68.5839647829146	NA	186.547998282277	101.13013433263	122.681116982002	NA	122.923987427632	136.782418641368	NA	164.485825889752	162.033251596937	135.306205233998	162.65503103456	NA
M0058/LH82	NA	138.01732537421	NA	135.291026175526	NA	NA	NA	148.421828352003	133.098399544633	NA	NA	147.699216681838	NA	NA	NA	NA
M0077/LH82	NA	NA	117.077655375545	NA	120.078418530174	NA	130.539196383355	NA	142.518848490934	185.914707251553	NA	159.643083334508	171.789083442006	166.846193660771	NA	211.92741609826
M0101/LH82	NA	NA	NA	NA	116.421293257294	139.40149477705	100.865873427994	NA	NA	NA	172.53984138102	NA	NA	NA	196.139563098944	NA
M0116/LH82	NA	NA	NA	108.477352792957	NA	105.764348060646	NA	NA	126.316346308888	NA	160.496905555817	128.085643432999	NA	NA	NA	NA
M0143/LH82	NA	NA	104.789806051063	NA	NA	136.053746060337	NA	NA	NA	NA	NA	149.882850134723	NA	NA	172.934249633407	156.289260830141
M0154/LH82	NA	NA	105.469983565513	NA	88.8144281168476	NA	128.052868224322	NA	113.850093242815	NA	120.677532146179	156.704784293249	NA	160.329804874589	NA	NA
M0163/LH82	NA	NA	145.918307093885	83.7087958569779	127.392876446929	89.5750677813675	NA	124.469370179675	NA	NA	NA	155.189737178588	NA	168.010523579745	208.828261296545	218.779254729234
M0262/LH82	NA	98.24855157467	103.486685813505	NA	114.20594556066	NA	NA	NA	NA	142.688524793397	NA	166.92113737851	NA	NA	NA	157.40080387654
M0266/LH82	NA	NA	NA	NA	113.999065652283	NA	NA	NA	NA	163.375325888128	NA	NA	NA	159.042273395065	NA	182.61079222273
N192/LH82	NA	87.18838300157	101.821222585265	97.3057252584568	113.114004621694	NA	NA	NA	NA	145.092611786852	143.121152901427	NA	182.801156226114	NA	NA	NA
N501/LH82	NA	84.47471581299	NA	NA	NA	NA	NA	114.122065001457	163.195217433819	152.00243660743	136.641365373041	NA	NA	NA	NA	NA
N542/LH82	NA	70.90743191692	120.319332670453	NA	NA	NA	NA	NA	NA	169.01960586517	168.820353577386	NA	171.658046001881	160.284480776349	NA	NA
NKH8431/LH82	NA	94.42050375629	NA	91.9167635630633	112.286950121379	NA	NA	NA	177.045670771535	133.864167040449	142.954685796686	NA	NA	160.222287248483	NA	NA
OH43/LH82	105.446974084384	116.38794342641	85.6453149364631	NA	NA	NA	NA	NA	NA	131.961531970249	NA	183.778876652444	NA	NA	NA	NA
PHB47/LH82	NA	103.50361327954	162.758070399005	126.764644468607	133.990666743758	NA	NA	67.0704721060387	152.302092774083	142.415578664722	139.053867980996	NA	NA	154.753870466369	NA	176.688146906177
PHG72/LH82	93.6172284260644	NA	81.8938624938746	109.424856993424	105.436992573279	133.372659593595	134.643231171307	122.272313985205	123.282835878871	NA	NA	127.162456452716	140.272398443075	115.363714591405	151.68259888325	189.964808494442
PHG80/LH82	114.440556858512	97.74918000144	NA	117.924359472637	86.8896878040176	178.264265138087	NA	NA	199.079041621403	140.118754118563	NA	183.009081940649	NA	167.765156966763	229.01329096599	233.097256631132
PHHV4/LH82	NA	127.059906710485	NA	NA	107.249318372899	NA	NA	138.915723835989	155.76310659593	160.66458503931	160.630800861111	NA	191.616253118425	NA	NA	NA
PHJ40/LH82	114.580816176113	NA	NA	NA	NA	107.293080487356	135.118756337575	NA	117.306987337272	NA	NA	175.503115946413	NA	151.727700859496	208.943502340471	195.919221988999
PHKE6/LH82	85.8957305432244	NA	NA	132.927395278768	NA	86.5907941517065	108.436744029371	110.691973317446	168.743505134896	111.891281863424	NA	161.416695552346	NA	NA	189.367505273683	220.010637976072
PHR25/LH82	101.416962328385	65.10819897696	NA	NA	83.4857246685526	NA	NA	NA	91.9375692177032	127.903460759414	113.73414825766	135.682063379946	NA	NA	NA	203.697522669095
PHRE1/LH82	112.219659954938	NA	NA	NA	122.687429277353	130.489353346542	168.127081669533	105.307045576944	134.447985760665	NA	NA	178.740336560459	NA	NA	199.302868863484	199.142418720265
PHV63/LH82	NA	NA	NA	NA	110.608425245513	NA	NA	94.9421844211947	NA	NA	NA	128.441840792316	138.444715658466	NA	NA	196.826915421937
R226/LH82	NA	NA	73.3223984238046	NA	94.7409660097537	NA	NA	128.065702522086	107.105994800292	NA	142.455100836218	NA	139.764773497531	158.053165639314	NA	NA
SD101/LH82	86.1307832005908	NA	NA	NA	NA	135.734801674553	99.7072145423572	NA	107.883221404696	NA	NA	NA	160.916651624631	128.807792657133	180.938121267408	146.328919822491
W10004_0032/LH82	120.038666997206	NA	123.132667206805	NA	128.478004743668	111.725070220559	NA	150.878560168952	105.675355655375	NA	131.906853284721	NA	144.480088944277	NA	145.613343774201	NA
W10004_0076/LH82	122.61189129933	NA	NA	128.530578159027	NA	121.475775124743	110.231535977717	NA	NA	NA	NA	157.874684838099	NA	149.312153810975	176.378340137495	228.591485324454
W10004_0082/LH82	NA	NA	91.8948244499446	124.414567051298	NA	NA	NA	122.51134477659	131.882176315475	NA	157.664275226586	NA	187.860423270612	176.433543039725	NA	NA
W10004_0097/LH82	NA	NA	95.9222935941546	106.072084502526	103.204281843039	NA	NA	137.144492644037	161.206183954642	NA	119.79117523787	NA	162.962041900481	191.954252542718	NA	NA
W10004_0127/LH82	89.5418856315332	NA	84.8173394508231	109.739063375597	181.173891014773	111.423686473492	77.0647068675274	129.233468902732	142.881211037902	NA	136.13208530777	124.154620114885	161.897231043326	170.54381833011	152.897600929753	188.481403933578
W10004_0216/LH82	66.2319193169032	NA	109.352314079203	131.560597989162	126.347357841964	139.285716960546	183.145747252181	136.795604279109	189.224434664989	NA	152.04517067591	165.56407156198	132.0203058971	184.701933192408	218.989145614205	207.589137658366
W10004_0227/LH82	100.327636723203	NA	84.5560080900031	97.4165471414673	115.553114717783	145.303341998187	83.8514611068678	101.688613824904	163.712963587124	NA	161.146291363171	171.062405338168	208.413475981344	174.007988637252	192.3634744445	205.901431497594
W10004_0248/LH82	95.0337965440284	NA	89.5024406810746	123.313302912277	118.561371568589	125.88900498794	99.3319891129436	139.541683904293	115.859947321219	NA	155.866458659446	169.017414158205	135.610875031541	148.068198794549	199.646959381038	173.757446789211
Z013E0087/LH82	NA	60.31384612344	120.139477013895	NA	166.547701418073	NA	NA	126.340588624507	NA	NA	154.738747071481	NA	193.540759074311	154.516619951725	NA	NA
Z022E0003/LH82	NA	NA	108.307763579455	NA	NA	NA	149.350504725934	118.58688834446	NA	122.738184805876	NA	149.423511387926	NA	179.418436998968	NA	NA
Z022E0108/LH82	97.8844598192914	115.73041414284	95.2063172631546	108.516513831212	NA	NA	NA	NA	NA	NA	NA	NA	NA	131.882722548909	NA	177.770597913957
