line_code	OHH1_15	DEH1_15	ILH1_15	INH1_15	TXH1_15	SDH1_15	MOH2_15	MNH1_15	MOH1_15	NYH3_15	TXH2_15	ONH2_15	NYH2_15	ONH1_15
A634/LH82	58.7874292939791	58.0066216370925	NA	66.2697289202263	NA	66.9377783851741	NA	65.9324904413629	NA	69.3008263151156	NA	75.4837705474347	77.2883080551116	81.1086849887432
A635/LH82	NA	NA	NA	NA	NA	65.8757155334532	NA	64.9324904413629	NA	68.1335633846561	NA	76.8311943957381	78.5819785252587	82.2428482903457
A641/LH82	NA	NA	60.442523411912	NA	NA	64.1818517403321	NA	64.0675095586372	NA	68.2861995977224	NA	70.8240768376707	73.8995149488457	77.1488250489284
A672/LH82	NA	NA	NA	NA	NA	67.0738046498618	NA	69.0675095586372	69.6869195760179	72.2883240584154	NA	78.0399525635996	78.3875862145135	84.9435783613653
A679/LH82	58.3177203345429	NA	NA	NA	NA	63.9957757664167	NA	69.9324904413629	NA	73.338447492016	NA	76.0201809793616	79.6443585366628	81.0413341460623
A680/LH82	NA	NA	NA	63.7550554927881	NA	68.5815434245341	NA	71.0675095586372	NA	74.4631213949246	NA	79.9469340344233	79.8811483464854	86.9390620248626
B103/LH82	60.9681364380609	NA	NA	NA	NA	NA	NA	74.0675095586372	NA	73.5057416154188	NA	NA	81.1353463262415	82.2349880998774
B104/LH82	NA	61.0981705942185	65.4333845369542	NA	65	NA	68.6185293003301	NA	70.7164938947516	NA	73	78.221176084992	NA	NA
B106/LH82	NA	60.16970445146	NA	NA	64.5	NA	67.2895390447278	NA	NA	NA	72	75.7783315848724	79.7567016577238	NA
B109/LH82	63.4530878003516	NA	NA	63.4619928723421	NA	NA	68.3063196816648	NA	73.0745243532168	NA	NA	78.1480364621019	78.9552579765277	NA
B111/LH82	NA	58.6385558714967	60.5888295606883	NA	NA	NA	67.0996291580516	71.9324904413629	69.5238507621758	NA	NA	71.6874916518838	79.7181509073277	NA
B119/LH82	60.7823267521288	NA	64.4029197848461	NA	65	67.3512675583125	69.1542958321387	71.0675095586372	69.1185956422916	NA	73	NA	77.4176625462069	NA
B73_PHG39-1/LH82	60.8934681525654	61.2951748257341	NA	NA	64	NA	67.3179406600281	NA	NA	NA	72.9999999776579	NA	NA	NA
B73_PHG39-11/LH82	58.7303442279429	NA	64.5556265739317	NA	NA	NA	66.9302754894884	NA	NA	NA	72.9999999776579	NA	NA	NA
B73_PHG39-13/LH82	NA	60.0066216370925	NA	NA	65	NA	67.2748367356511	NA	NA	NA	72.9999999776579	NA	NA	NA
B73_PHG39-4/LH82	NA	60.0066216370925	64.4182208533371	NA	NA	NA	66.2895390447278	NA	NA	NA	75.0000000223421	NA	NA	NA
B73_PHG39-7/LH82	NA	59.8857143560251	62.6030887132246	63.0508479397102	NA	NA	69.8775664326389	NA	NA	NA	72.9999999776579	NA	NA	NA
B79/LH82	58.8934681525654	61.374306341878	63.4333845369542	61.1916687260734	NA	NA	NA	NA	NA	NA	NA	NA	NA	NA
B97/LH82	60.4456115431931	NA	NA	64.1540300509674	63.5	69.6918641477566	69.8545354530358	71.0675095586372	NA	73.4144707414066	73.5	78.2092163047159	80.7181509073277	86.8481660806821
CG102/LH82	56.4559454393958	55.16970445146	60.4182208533371	59.8430044831655	NA	63.9981341164393	NA	64.5000000000001	NA	69.5074466646205	NA	70.5254265998639	72.2847954460374	79.8558388603967
CG104/LH82	NA	NA	NA	NA	NA	62.8934872248551	NA	65.9324904413629	65.7164938947516	67.9929576003774	NA	71.5185928905323	72.6000142315962	79.1480095345621
CG108/LH82	NA	NA	NA	NA	NA	63.0215658530346	NA	NA	NA	68.0877860504478	NA	71.5526406922519	NA	78.7475682901138
CG110/LH82	NA	NA	NA	NA	NA	64.8666214547982	NA	70.0675095586372	NA	68.3008263151156	NA	73.0300184872857	74.8097770008659	79.5552740151623
CG118/LH82	NA	NA	NA	NA	NA	62.9664236703505	NA	NA	NA	67.3143603558337	NA	69.9988456771597	75.3918301971189	79.2127242435121
CG119/LH82	NA	NA	62.5500247608267	62.117294075027	NA	62.6827333527985	NA	NA	NA	NA	NA	71.6874916518838	74.7966058616519	78.0639709400889
CG120/LH82	NA	NA	NA	NA	NA	67.0361273546167	NA	65.9324904413629	66.1370819875462	69.9508902646294	NA	73.4483539782998	74.2553791922483	81.2908229311669
CG121/LH82	56.2622239842029	57.6660845434596	NA	NA	NA	66.4878481629749	NA	66.9324904413629	NA	67.0671536699822	NA	70.9345160560636	73.6918260122266	79.545546326416
CG65/LH82	NA	NA	NA	NA	NA	65.9895838821438	NA	66.0675095586372	68.8487309281817	69.9673162909092	NA	75.4541362023282	78.2308260264034	81.8279203371953
CGR03/LH82	NA	NA	NA	NA	NA	63.4445044675981	NA	65.9324904413629	NA	71.6597478058835	NA	74.4837705474347	77.827958748942	81.4061352531098
CGX333/LH82	NA	NA	NA	NA	NA	66.6818517403321	NA	71.0675095586372	NA	70.0422176833436	NA	73.8226568937942	76.6693400914913	81.5416162311819
CML103/LH82	66.2288590432031	60.8162790763634	NA	NA	NA	NA	73.8775664326389	NA	74.1185956422916	NA	NA	NA	NA	NA
CML247/LH82	NA	64.3121441083792	NA	69.0508479397102	NA	NA	74.67154862657	NA	74.6319536773971	NA	NA	NA	NA	NA
CML69/LH82	NA	NA	NA	NA	70	NA	71.5045903154654	NA	76.6302368078844	NA	77.5	NA	NA	NA
DK4676A/LH82	59.1432367183084	NA	NA	61.010068737455	NA	NA	67.3063196816648	NA	68.5238507621758	NA	NA	NA	NA	NA
GEMS-0146/LH82	61.026072845097	61.0981705942185	65.5556265739317	NA	66	NA	68.9302754894884	NA	71.1390745923256	NA	74	NA	NA	NA
GEMS-0149/LH82	62.2622239842029	60.8201093095668	64.5283202026578	66.1156603825726	NA	NA	NA	NA	73.1319278491473	NA	NA	NA	NA	NA
GEMS-0150/LH82	61.6173351263884	61.3121441083792	64.4029197848461	67.0508479397102	NA	69.7635050063821	68.8011717925732	72.0000000000001	70.1185956422916	75.6824039039908	73.5	79.0861314705544	NA	NA
GEMS-0162/LH82	61.7303442279429	63.0309233661152	65.3565869457287	64.6777577288478	64	NA	67.1542958321387	NA	71.0214341980366	NA	72	79.5875194732705	82.1591437285805	87.5845887871154
GEMS-0163/LH82	62.8934681525654	62.3726600927863	64.4333845369542	64.8332515187043	68	NA	69.3063196816648	NA	69.6869195760179	NA	76	NA	NA	NA
GEMS-0182/LH82	62.8934681525654	59.8201093095668	64.5745654727137	63.6007049885251	65.5	NA	66.6964506199893	74.0000000000001	71.6869195760179	NA	73.5	NA	NA	NA
LH132/LH82	58.2288590432031	61.1361787413428	63.5051316147375	63.2697289202263	65.5	67.1673484735319	NA	69.9324904413629	NA	73.1043099498696	73	76.1664969585813	82.3450464646251	85.8482443624864
LH145/LH82	59.4530878003516	NA	NA	NA	NA	65.1383579169648	66.7353919892569	68.0000000000001	NA	70.7383242923212	NA	75.9383505809404	76.5271143161903	82.8482052215843
LH146HT/LH82	NA	NA	61.5809152493928	NA	NA	65.9957106098502	64.8545354530358	NA	66.3626911334412	NA	NA	73.8612447402598	NA	NA
M0001/LH82	NA	62.2951748257341	NA	NA	65	NA	67.2895390447278	70.9324904413629	NA	71.5057416154188	72.9999999776579	NA	80.1353463262415	83.5772824063421
M0003/LH82	NA	NA	NA	63.5968015046965	NA	NA	67.2748367356511	69.0675095586372	NA	NA	NA	75.8388608895795	NA	NA
M0008/LH82	59.026072845097	61.16970445146	62.4182208533371	NA	NA	NA	66.0996291580516	NA	NA	74.1832826769937	NA	NA	82.7067385480669	84.2601484803502
M0012/LH82	NA	NA	NA	66.0508479397102	NA	NA	NA	71.9324904413629	NA	70.0085593390672	NA	73.1480364621019	76.3604159680786	82.8482443624864
M0014/LH82	57.6173351263884	NA	NA	NA	NA	NA	65.8545354530358	NA	69.5238507621758	68.6882623130434	NA	74.1892095099971	81.4386139296128	82.2601484803502
M0015/LH82	NA	NA	62.441168680509	NA	64	NA	NA	70.0675095586372	NA	NA	NA	74.221176084992	76.8628523440079	NA
M0028/LH82	NA	NA	63.5818778104071	NA	NA	NA	NA	71.0675095586372	NA	74.3562484689144	NA	NA	NA	83.2428482903457
M0033/LH82	60.7874292939791	NA	NA	NA	NA	NA	66.3179406600281	NA	68.5549409183274	71.4257905063606	NA	NA	79.7181509073277	85.9745216871406
M0039/LH82	NA	59.5426188779465	NA	65.8413325144035	NA	NA	NA	NA	NA	73.5117720484426	NA	77.1892095099971	80.4176625462069	83.8471702693824
M0041/LH82	61.1432367183084	60.16970445146	NA	63.017568375884	NA	NA	NA	71.0675095586372	NA	71.4144707414066	71.9999999776579	NA	79.9552579765277	83.3720272433235
M0052/LH82	NA	NA	NA	63.4022530895729	65	NA	NA	71.9324904413629	NA	NA	NA	77.8706888224833	77.1353463262415	NA
M0058/LH82	NA	NA	NA	62.8332515187043	65	NA	68.6964506199893	73.9324904413629	NA	NA	NA	NA	NA	NA
M0077/LH82	61.7686541604833	61.3121441083792	NA	67.2697289202263	NA	NA	NA	70.9324904413629	NA	NA	75.0000000223421	78.9606620234577	79.8549819985673	NA
M0083/LH82	NA	NA	62.5029690269561	NA	NA	NA	NA	NA	68.1185956422916	72.5057416154188	70.0000000223421	NA	NA	80.5772824063421
M0101/LH82	NA	NA	NA	NA	NA	NA	NA	NA	70.7882568531717	72.4144707414066	NA	NA	79.6111275458072	83.2428482903457
M0116/LH82	NA	NA	NA	64.8430044831655	NA	NA	NA	74.0675095586372	68.5238507621758	71.1832826769937	NA	NA	NA	NA
M0118/LH82	NA	NA	62.5051316147375	NA	NA	NA	66.2089558123623	NA	70.0214341980366	NA	NA	75.8167413181975	NA	NA
M0143/LH82	NA	NA	NA	NA	NA	NA	NA	70.9324904413629	67.8975626180935	74.4680892455751	NA	76.1664969585813	NA	81.5562495777287
M0154/LH82	58.8934681525654	NA	NA	66.8413325144035	NA	NA	65.67154862657	72.0675095586372	NA	NA	NA	NA	78.1545977936911	NA
M0163/LH82	58.7303442279429	NA	NA	NA	NA	NA	66.4206647668015	70.0675095586372	71.0214341980366	76.3562484689144	NA	77.1480364621019	NA	83.3214973819836
M0262/LH82	NA	NA	NA	NA	64	NA	NA	69.0675095586372	69.0214341980366	NA	73.0000000223421	76.221176084992	NA	NA
M0266/LH82	59.6173351263884	NA	62.5051316147375	NA	NA	NA	NA	NA	71.0745243532168	NA	71.0000000223421	76.221176084992	NA	NA
N192/LH82	NA	57.3382036379701	NA	NA	63	NA	65.8011717925732	NA	NA	NA	72.5	NA	NA	NA
N542/LH82	58.7651486273218	61.6660845434596	62.5556265739317	61.784616942937	63.5	NA	66.8775664326389	NA	NA	NA	72	NA	NA	NA
NKH8431/LH82	58.3177203345429	NA	NA	67.117294075027	64	NA	67.7520205346564	NA	NA	NA	70.5	NA	NA	NA
OH43/LH82	NA	NA	64.3565869457287	NA	63	61.4203326484782	67.1542958321387	70.0675095586372	NA	NA	72	NA	NA	NA
PHAW6/LH82	62.3542037561177	NA	NA	NA	67	NA	68.6214112548728	NA	72.0745243532169	NA	NA	NA	NA	NA
PHB47/LH82	58.7651486273218	NA	63.5500247608267	65.1156603825726	65	NA	67.8545354530358	NA	68.8607849197587	NA	71.5	75.8167413181975	NA	NA
PHG72/LH82	58.4119427107824	59.1361787413428	61.441168680509	61.010068737455	NA	67.1042410969117	NA	67.0675095586372	69.3440651442571	69.1621773754241	NA	77.7628963551267	76.7181509073277	83.2796975176915
PHG80/LH82	58.026072845097	NA	63.4949929414116	63.1156603825726	64.5	69.8710331746147	65.6964506199893	70.9324904413629	NA	71.2976528877114	72.5	78.7628963551267	NA	83.3720272433235
PHHV4/LH82	NA	61.0309233661152	NA	63.6777577288478	65.5	NA	66.0996291580516	NA	69.1185956422916	NA	73.5	NA	NA	NA
PHJ40/LH82	59.5953968702883	NA	60.5273927378483	59.8238247222033	NA	66.5464101873098	NA	65.5000000000001	NA	69.2601656937549	NA	72.5185928905323	71.6076989833229	80.5356895285678
PHKE6/LH82	NA	NA	62.9731501476232	63.1916687260734	NA	66.1042410969117	NA	70.0000000000001	69.0754739933064	72.1832826769937	71	75.9630466363928	78.8996308386894	81.7475682901138
PHR25/LH82	NA	NA	60.4182208533371	59.4619928723421	62	62.5090342521826	63.3063196816648	66.0675095586372	66.3626911334412	NA	66.5	75.7783315848724	NA	NA
PHRE1/LH82	NA	NA	60.0458992938222	60.8034351210757	NA	63.4785719211614	NA	67.0675095586372	NA	68.7198409403159	NA	71.5240385971477	75.3875862145135	79.598888325357
PHV63/LH82	NA	60.8162790763634	NA	NA	NA	NA	69.3179406600281	72.9324904413629	71.6302368078844	NA	NA	78.8706888224833	NA	NA
R226/LH82	62.7586179789177	61.8857143560251	NA	67.8691676014192	NA	NA	70.3063196816648	NA	NA	NA	NA	NA	NA	NA
SD101/LH82	58.2622239842029	60.374306341878	NA	63.1540300509674	NA	66.9864326158102	NA	NA	NA	73.3238207746227	NA	74.0723879056245	79.8890392571427	83.5393831573693
TX303/LH82	65.2304785264256	62.9753499899379	69.9869237136344	70.7306988231498	66.5	76.0677998987465	70.4885977953453	75.0000000000001	73.3968209012816	77.4673162909092	76	82.5413405663157	86.4776303893704	90.1819229448164
W10004_0032/LH82	NA	59.16970445146	63.5745654727137	63.4071940546633	NA	64.7152671490148	NA	NA	NA	69.6586448603266	NA	NA	NA	80.3046240423312
W10004_0076/LH82	57.7874292939791	NA	NA	NA	NA	66.567738444315	NA	70.0675095586372	NA	72.5433315993758	NA	74.1480364621019	76.7181509073277	85.2349880998774
W10004_0082/LH82	57.6173351263884	58.8512050726226	61.442523411912	66.8413325144035	NA	NA	68.0996291580516	NA	68.6869195760179	NA	NA	NA	NA	NA
W10004_0097/LH82	60.1432367183084	60.6660845434596	61.5818778104071	62.017568375884	NA	NA	65.5045903154654	NA	71.1185956422916	NA	NA	NA	NA	NA
W10004_0127/LH82	59.3542037561177	58.8162790763634	63.5745654727137	63.017568375884	NA	66.2810010838638	67.2089558123623	69.9324904413629	70.1319278491473	72.1043099498696	NA	76.2236206405257	75.7181509073277	81.8482443624864
W10004_0204/LH82	NA	NA	NA	63.8332515187043	NA	66.567738444315	NA	58.9324904413629	71.0214341980366	75.0085593390672	NA	NA	NA	84.3901803388099
W10004_0216/LH82	62.2288590432031	59.3726600927863	65.5283202026578	65.4022530895729	NA	70.3512675583125	68.4206647668015	71.9324904413629	69.7164938947516	76.1832826769937	NA	77.8311943957381	80.8996308386894	86.3214973819836
W10004_0227/LH82	62.7823267521288	59.3382036379701	63.5745654727137	63.2697289202263	NA	69.8529027454111	67.6185293003301	70.0675095586372	70.1390745923256	74.4680892455751	NA	78.2740869887657	78.6269503667293	80.5636368353315
W10004_0248/LH82	63.8934681525654	61.2951748257341	62.4182208533371	64.4022530895729	NA	62.2761540706855	66.6185293003301	70.9324904413629	70.5238507621758	73.4144707414066	NA	75.1664969585813	80.1353463262415	83.8481660806821
Z013E0087/LH82	60.7303442279429	61.2951748257341	63.4333845369542	NA	63	NA	NA	NA	NA	NA	NA	NA	NA	NA
Z022E0003/LH82	59.2288590432031	NA	NA	NA	NA	NA	NA	66.9324904413629	NA	NA	69.9999999776579	NA	78.1353463262415	NA
Z022E0009/LH82	58.6173351263884	NA	NA	NA	65	NA	66.6214112548728	NA	68.6869195760179	NA	NA	NA	NA	NA
Z022E0072/LH82	NA	57.374306341878	60.5051316147375	NA	NA	NA	64.8011717925732	67.0675095586372	69.3440651442571	NA	NA	74.8167413181975	NA	NA
Z022E0108/LH82	58.7651486273218	NA	62.5809152493928	NA	63	67.4238130885185	67.2089558123623	NA	NA	NA	NA	70.8167413181975	NA	NA
Z022E0160/LH82	NA	61.0981705942185	63.5500247608267	NA	NA	NA	67.6214112548728	NA	NA	NA	NA	NA	80.8796735275481	NA
