line_code	NEH1_15	NEH4_15	NEH3_15	GAH1_15	TXH1_15	NEH2_15	NYH3_15	INH1_15	OHH1_15	ILH1_15	WIH2_15	WIH1_15	MNH1_15	NCH1_15	DEH1_15	ONH2_15	ONH1_15
B118/PHB47	NA	NA	135.668393825019	NA	NA	NA	130.593622889557	NA	138.821652677431	NA	149.900420994334	136.161520410026	NA	NA	199.318035496111	188.764369134021	185.49955407395
B97/PHB47	111.695580670654	103.933737454882	111.548173225766	138.254682486755	137.046417634085	117.638255405203	131.457130610987	140.730148322618	155.921966122369	187.814376704055	204.400154555034	174.838446958184	169.863842370195	181.612167468293	190.60464458608	215.439122812849	200.782308818781
CG106/PHB47	NA	NA	NA	NA	NA	NA	102.002858775754	NA	122.500665365291	NA	NA	115.99149288499	111.955621020407	NA	NA	174.766033249447	158.720321556102
CG110/PHB47	NA	NA	NA	NA	NA	NA	132.871081582377	NA	NA	NA	187.485916029068	NA	175.32282457631	NA	NA	179.190721447625	209.488079529289
CG111/PHB47	149.330957134425	NA	89.0407530350498	NA	NA	NA	113.986472609142	NA	NA	NA	108.704816718671	NA	146.686374814987	NA	NA	177.857468767052	157.633293004735
CG122/PHB47	NA	119.879362731783	NA	NA	NA	NA	109.297619393205	NA	NA	NA	178.571338980959	113.192525091688	139.980236390887	NA	NA	201.733053378101	218.190865738503
CG123/PHB47	NA	NA	NA	NA	NA	NA	160.761647383195	NA	NA	NA	151.277161187357	NA	158.117151268489	NA	NA	197.354991337003	172.646523320353
CG124/PHB47	NA	NA	NA	NA	NA	NA	143.261299507257	NA	119.928867894073	NA	181.888345143906	NA	140.472713517368	NA	NA	197.060443704002	212.22199180852
CG125/PHB47	NA	NA	NA	NA	NA	NA	127.169190832847	NA	NA	NA	163.600195004209	NA	162.6228736106	NA	NA	210.433649343394	205.1626225423
CG127/PHB47	112.017689394843	NA	NA	NA	NA	NA	155.791022893763	NA	NA	140.6669974883	133.813840853136	NA	161.515140914993	NA	NA	201.663666580637	228.332589321839
CG60/PHB47	NA	NA	NA	NA	NA	NA	140.991595782338	NA	NA	NA	122.141290006051	NA	144.204880790386	NA	NA	197.268569773345	189.385100224442
CGR03/PHB47	NA	NA	NA	NA	NA	83.2524949581717	147.214444901459	NA	NA	NA	210.600200543593	NA	156.624452199089	NA	NA	216.863359317131	196.676610560978
GT601/PHB47	75.2488271986732	77.8729314290817	NA	68.84035710815	117.17592651984	NA	NA	NA	NA	NA	NA	NA	NA	148.168368727268	NA	NA	NA
H95/PHB47	97.9924880140746	NA	NA	121.96713419162	94.22114087751	NA	NA	141.044686542919	NA	NA	NA	NA	NA	168.421103623526	NA	NA	NA
LH162/PHB47	NA	124.748505555391	NA	NA	NA	114.444654399227	NA	NA	142.266424995069	NA	NA	170.286661229589	NA	173.525896137095	159.116218965371	NA	NA
LH38/PHB47	NA	NA	NA	134.78901001537	94.02607385672	100.346796046189	NA	173.152571389365	136.23832384191	NA	153.553252322257	NA	207.398985300267	159.118855683307	NA	189.028909386794	NA
LH51/PHB47	157.677706918895	NA	NA	NA	NA	NA	NA	NA	NA	129.174999163271	NA	NA	176.103356478308	NA	NA	221.838094069584	NA
LH57/PHB47	NA	NA	136.995768535369	NA	NA	126.735246698603	NA	146.855670343376	NA	NA	NA	138.295462888646	135.073887654212	NA	NA	176.976276781326	NA
LH61/PHB47	NA	NA	NA	NA	NA	132.769355749709	NA	NA	131.785446425701	NA	119.354950831216	NA	NA	NA	174.175804270152	195.270974243053	NA
LH82_PH207-11/PHB47	NA	NA	143.564544669969	NA	NA	128.976322771024	147.074988899847	177.417628439809	144.86850015422	143.505981404561	163.052151992039	149.667112072667	153.248765448589	NA	136.981524154185	NA	NA
LH82_PH207-12/PHB47	NA	NA	110.127999777418	NA	NA	106.961675481356	136.665770146018	129.092731748524	140.777514098309	147.366993357691	192.543027107934	NA	174.267702289459	NA	NA	NA	NA
LH82_PH207-13/PHB47	NA	NA	NA	NA	NA	113.928163967584	167.150180011999	153.430059432145	145.406575295792	184.527976253875	126.292325662281	148.371141149023	154.02167327682	NA	179.876209639471	NA	190.974062963891
LH82_PH207-14/PHB47	NA	NA	138.95001379078	NA	NA	136.520786759617	175.36256033071	NA	NA	152.534294831123	137.430451696844	NA	NA	NA	159.824937843066	NA	201.42013705962
LH82_PH207-15/PHB47	NA	NA	120.256638646171	NA	NA	NA	143.370712380047	166.398220179145	149.352788909468	160.040659706908	107.509306024562	191.246967072195	159.97429557157	NA	NA	NA	204.578188718253
LH82_PH207-16/PHB47	NA	NA	NA	NA	NA	158.13442769346	128.032640518898	115.484084876984	128.406555367878	149.011606413903	148.273613202286	NA	167.081957371355	NA	156.371316763385	NA	176.533427427436
LH82_PH207-17/PHB47	NA	NA	121.914953480763	NA	NA	NA	152.680373735731	NA	NA	NA	148.36294475767	152.807343025002	133.964157931089	NA	158.060361648564	NA	184.545340075567
LH82_PH207-18/PHB47	NA	NA	NA	NA	NA	45.6514343184867	115.216906075667	156.623712070688	133.260852037701	153.5412664717	NA	134.964638963873	143.25191519115	NA	NA	NA	193.64563378894
LH82_PH207-19/PHB47	NA	NA	104.818102220209	NA	NA	NA	122.678105327816	167.111356745998	NA	197.210764678361	173.242019304631	156.32317699448	NA	NA	187.000981785416	NA	207.166199373766
LH82_PH207-2/PHB47	NA	NA	102.505725417649	NA	NA	127.718579605981	131.869998039443	171.868189495116	154.760492775374	143.487088903085	118.948584634187	NA	156.43600125531	NA	180.248986199624	NA	NA
LH82_PH207-22/PHB47	NA	NA	NA	NA	NA	NA	111.915666014316	147.982265886951	134.597749293975	164.806844119272	155.664870292304	124.272376682804	153.92627175531	NA	146.150697899571	NA	196.464687598375
LH82_PH207-23/PHB47	NA	NA	120.697671411253	NA	NA	127.34824663863	150.411805764469	168.210853812866	162.997500054462	170.007305473483	145.310295133113	NA	164.355126873564	NA	140.0758764763	NA	197.106438799637
LH82_PH207-24/PHB47	NA	NA	NA	NA	NA	NA	176.602768395167	174.117776811466	NA	NA	122.551075787031	203.944129576644	132.160878426719	NA	NA	NA	190.808089082703
LH82_PH207-25/PHB47	NA	NA	133.905696521373	NA	NA	109.289585561605	124.623499311063	159.177812212735	121.436832444289	126.312963603595	147.874344792687	211.280893430069	171.544161784707	NA	181.699143845806	NA	179.791528314468
LH82_PH207-4/PHB47	NA	NA	106.220271128523	NA	NA	121.781271392624	168.240309819203	116.475930852473	158.112918939901	NA	141.080365788652	209.914036957967	162.165376602168	NA	209.575506728385	NA	220.925120277007
LH82_PH207-5/PHB47	NA	NA	NA	NA	NA	180.658428151185	156.548080123002	133.480479763113	184.860873880183	140.778607251598	147.174643551313	203.40634921108	175.699098864116	NA	NA	NA	NA
LH82_PH207-6/PHB47	NA	NA	NA	NA	NA	NA	NA	111.388307349548	NA	168.786056221199	123.914251707992	198.567349862542	183.675441318604	NA	188.310519155941	NA	212.98863723372
LH82_PH207-7/PHB47	NA	NA	NA	NA	NA	131.818967110587	130.88938368365	112.065015792456	144.591914069485	148.38991217904	174.200990680723	106.196893573185	176.906114666109	NA	167.517767428571	NA	208.042394226304
LH82_PH207-8/PHB47	NA	NA	NA	NA	NA	NA	172.600834761099	NA	148.222233270525	NA	141.252353751083	114.7192204905	140.152408264966	NA	NA	NA	176.174652474766
LH82_PH207-9/PHB47	NA	NA	NA	NA	NA	122.362993411974	NA	NA	134.915680964652	140.176271761302	149.523423548417	NA	170.521912889485	NA	NA	NA	203.9041815346
LH82_PHG47-1/PHB47	171.776099134945	NA	NA	NA	NA	NA	150.833486078239	NA	NA	NA	147.642645444448	157.83272369097	164.693498699226	NA	NA	187.196564461984	197.285865267743
LH82_PHG47-10/PHB47	134.565377260215	NA	NA	NA	NA	112.493344572117	140.919964106684	NA	158.611954197723	147.125969477285	135.395144058543	NA	166.699851067579	NA	NA	193.459577009356	179.337565578314
LH82_PHG47-11/PHB47	121.463010402915	NA	NA	NA	NA	122.893275645339	177.049987055171	NA	152.077868095295	150.173243285289	174.889191578494	203.24408146949	186.625296966528	NA	NA	233.88584323367	229.257003267771
LH82_PHG47-12/PHB47	NA	NA	NA	NA	NA	159.726209363341	144.911165796239	NA	157.026251015994	146.965138984226	279.264365277251	157.96673296475	NA	NA	NA	189.957164836312	197.678426232804
LH82_PHG47-13/PHB47	129.149732292535	NA	NA	NA	NA	NA	89.0650330384085	NA	147.4828365857	148.723151819682	167.89211496937	152.691740202122	145.817104904895	NA	NA	213.418865600194	178.54309657047
LH82_PHG47-14/PHB47	102.056369668825	NA	NA	NA	NA	139.298548371457	92.7780360072787	NA	156.34346796037	127.59847147146	162.452651531068	NA	158.836261158239	NA	NA	213.936071643888	206.807524691097
LH82_PHG47-15/PHB47	NA	NA	NA	NA	NA	119.108814803127	104.847461201995	NA	161.916082682963	167.009830230952	173.874210431518	219.01016134814	188.171051394879	NA	NA	NA	NA
LH82_PHG47-16/PHB47	85.6185759323946	NA	NA	NA	NA	75.5259799044187	116.444344425228	NA	NA	NA	191.609898469875	183.16186930163	NA	NA	NA	168.758205019755	173.569180749915
LH82_PHG47-17/PHB47	NA	NA	NA	NA	NA	122.239720167543	159.573388487576	NA	172.434692112998	169.748231618731	NA	192.113536692043	191.36993207307	NA	NA	NA	247.558521877208
LH82_PHG47-18/PHB47	123.212388459363	NA	NA	NA	NA	136.512308125577	161.736609066237	NA	160.8728213634	145.820015774598	114.995322771047	172.29113891869	153.371061423529	NA	NA	178.724505157969	NA
LH82_PHG47-19/PHB47	100.751699544223	NA	NA	NA	NA	143.32634220502	NA	NA	135.831140474429	128.296197942938	108.624630346159	148.234396065015	168.968229559755	NA	NA	197.354991337003	202.050823864276
LH82_PHG47-2/PHB47	108.704866911313	NA	NA	NA	NA	143.88370860599	144.172972593835	NA	144.549888386495	185.485701857415	148.67121895201	166.950143037099	150.32930644859	NA	NA	NA	183.789684499762
LH82_PHG47-20/PHB47	161.197285312573	NA	NA	NA	NA	167.789524250729	127.155566821199	NA	NA	108.474572597573	163.972859829884	199.8994454201	150.613907835656	NA	NA	210.548027258971	176.48422994345
LH82_PHG47-21/PHB47	NA	NA	NA	NA	NA	149.003246100092	124.2330832402	NA	148.191139441295	NA	179.344768365543	175.104222378544	147.394936039558	NA	NA	212.450495584496	206.801511979885
LH82_PHG47-22/PHB47	87.5156496776932	NA	NA	NA	NA	127.187888175136	122.125397435288	NA	158.111262004454	127.004654028706	NA	182.217102129535	NA	NA	NA	NA	186.233496873978
LH82_PHG47-23/PHB47	92.5048362839546	NA	NA	NA	NA	134.009548835496	NA	NA	131.496504459499	147.551095052211	155.76152542193	179.548281779299	142.688822243173	NA	NA	194.344907218914	195.566577928733
LH82_PHG47-24/PHB47	NA	NA	NA	NA	NA	NA	89.2962999384989	NA	136.494504618904	117.126497681616	102.645382579157	110.860772620002	118.39497929647	NA	NA	157.155228567326	166.78702439095
LH82_PHG47-25/PHB47	71.0425685363832	NA	NA	NA	NA	127.813725993681	96.626525032265	NA	151.328795182993	141.422947282952	100.986920741506	NA	139.361903394463	NA	NA	NA	NA
LH82_PHG47-3/PHB47	129.038083300043	NA	NA	NA	NA	NA	111.209998518455	NA	NA	NA	210.347852601994	145.23322782733	152.876783200259	NA	NA	193.265215658295	154.132596047031
LH82_PHG47-4/PHB47	86.0784806167132	NA	NA	NA	NA	NA	121.436135991355	NA	117.887114794768	135.124218970115	162.572203016294	175.26405728531	161.216079171059	NA	NA	174.467533964834	203.608085735095
LH82_PHG47-5/PHB47	145.273358017133	NA	NA	NA	NA	125.640056269369	99.9077575348987	NA	148.891941637174	117.846558642471	166.054948990381	181.012847847408	183.077954678297	NA	NA	NA	184.116733021614
LH82_PHG47-6/PHB47	NA	NA	NA	NA	NA	125.929310870549	NA	NA	174.041289319678	NA	NA	159.4977598534	180.056488535539	NA	NA	225.078141547104	201.881530233901
LH82_PHG47-7/PHB47	114.556746029233	NA	NA	NA	NA	120.062554490345	125.666421243689	NA	162.024092826603	NA	199.099681117359	185.897280081426	176.852830570145	NA	NA	216.527651166111	224.66308912541
LH82_PHG47-8/PHB47	139.853169311655	NA	NA	NA	NA	123.911501940049	157.624993948191	NA	NA	171.138010666112	187.158564774607	NA	162.828893766348	NA	NA	205.460963605285	177.516978539935
LH82_PHG47-9/PHB47	135.200491580963	NA	NA	NA	NA	NA	94.5859915189689	NA	156.003427685994	128.044118863082	136.628372631992	79.94467953829	142.710027195699	NA	NA	194.576009572913	183.012037483923
MO44_PHG47_0072/PHB47	128.751261980739	99.5128100749657	92.5595647486422	NA	NA	74.0299489640472	136.571321585243	135.555090589939	156.519402812166	179.659641600012	157.842773187996	152.975030272698	156.301701927127	NA	148.708839395891	189.000327317009	176.427275619726
NYH-029/PHB47	NA	NA	NA	NA	NA	NA	79.4603989639422	NA	NA	NA	200.953300424551	NA	158.330288318178	NA	NA	181.796277406338	154.399945551117
NYH-052/PHB47	NA	NA	NA	NA	NA	NA	89.2371103711138	NA	NA	NA	NA	NA	137.711719339736	NA	NA	145.74335894046	129.084593748001
NYH-055/PHB47	NA	NA	NA	NA	NA	NA	100.070116439275	NA	NA	NA	198.956834855241	NA	169.499359212915	NA	NA	166.06661901527	211.18343273498
NYH-061/PHB47	NA	NA	NA	NA	NA	NA	139.258854283085	NA	NA	NA	135.332731657925	NA	152.838551115706	NA	NA	139.06962341146	193.085879025651
NYH-081/PHB47	NA	NA	NA	NA	NA	NA	74.4475078600153	NA	NA	NA	151.010208093973	NA	164.568134738347	NA	NA	172.342759385021	211.389386876934
NYH-128/PHB47	NA	NA	NA	NA	NA	NA	67.367435319669	NA	NA	NA	164.208101804408	NA	168.45693450369	NA	NA	184.382813066828	188.82859701602
NYH-129/PHB47	NA	NA	NA	NA	NA	NA	126.587507669911	NA	NA	NA	149.978052081865	NA	113.10948394833	NA	NA	155.324943542774	152.381191799688
NYH-167/PHB47	NA	NA	NA	NA	NA	NA	63.0459855655764	NA	NA	NA	180.843547000177	NA	155.921693971296	NA	NA	182.131346897926	188.964979537696
NYH-211/PHB47	NA	NA	NA	NA	NA	NA	120.060254034809	NA	NA	NA	171.606912083935	NA	156.556164328187	NA	NA	179.14030006169	201.14969516756
NYH-229/PHB47	NA	NA	NA	NA	NA	NA	96.019493997675	NA	NA	NA	141.092947594577	NA	144.890055019798	NA	NA	185.892737445328	218.073463661882
NYH-240/PHB47	NA	NA	NA	NA	NA	NA	111.473806335756	NA	NA	NA	157.769996328708	NA	152.122308621074	NA	NA	192.093291191748	187.066402679041
NYH-244/PHB47	NA	NA	NA	NA	NA	NA	136.582969346897	NA	NA	NA	171.547869044167	NA	170.442714874993	NA	NA	202.542829564317	211.041066819371
NYH-245/PHB47	NA	NA	NA	NA	NA	NA	143.253144996633	NA	NA	NA	187.096053618527	NA	132.059825529308	NA	NA	195.279197689943	166.514066269707
NYH-250/PHB47	NA	NA	NA	NA	NA	NA	136.368809417514	NA	NA	NA	107.691438637386	NA	165.465756197168	NA	NA	181.598016050595	196.925091416384
NYH-251/PHB47	NA	NA	NA	NA	NA	NA	133.499837651832	NA	NA	NA	161.994677881562	NA	150.843448708709	NA	NA	179.1637313424	202.234932063676
NYH-258/PHB47	NA	NA	NA	NA	NA	NA	54.9956731249387	NA	NA	NA	175.045881985285	NA	156.105763160839	NA	NA	212.363964176327	220.280295738408
NYH-269/PHB47	NA	NA	NA	NA	NA	NA	115.368133639428	NA	NA	NA	177.216083564854	NA	195.392985582846	NA	NA	199.411492971094	189.88080160799
OH43/PHB47	NA	NA	NA	NA	NA	NA	72.2757519639429	NA	NA	142.296837472158	195.829014572118	184.698920495017	NA	171.619481406498	NA	152.288383113462	200.557285044311
PH207_PHG47-1/PHB47	NA	107.335981445289	NA	NA	NA	NA	186.342337386008	110.816393015415	NA	203.960449134383	231.591473756331	NA	NA	NA	NA	215.329844204849	227.898423341905
PH207_PHG47-10/PHB47	NA	133.141767512196	118.342930151664	NA	NA	NA	182.363704166348	143.342600577992	NA	151.455957380598	NA	NA	173.776971529218	NA	NA	NA	183.934520734521
PH207_PHG47-11/PHB47	NA	98.1293523541981	135.400504172193	NA	NA	NA	NA	115.814721188466	NA	NA	205.927325306927	NA	126.64228025596	NA	NA	181.346489446821	NA
PH207_PHG47-12/PHB47	NA	NA	NA	NA	NA	NA	148.338026087685	NA	NA	113.947061924489	NA	NA	151.441631090145	NA	NA	195.595189130052	182.686923592592
PH207_PHG47-13/PHB47	NA	111.720362031523	121.851400750339	NA	NA	NA	121.977091974458	158.656699188846	NA	187.0694668027	193.816397999496	NA	NA	NA	NA	209.969738605201	NA
PH207_PHG47-15/PHB47	NA	108.160330500276	NA	NA	NA	NA	203.493890387658	NA	NA	167.475816919591	156.925842256886	NA	194.555632298942	NA	NA	221.426928159181	211.375097523507
PH207_PHG47-16/PHB47	NA	128.569248878242	147.952470236933	NA	NA	NA	102.860694978091	99.6044192706742	NA	129.254166501153	119.161772283661	NA	145.279172411935	NA	NA	201.446216627772	NA
PH207_PHG47-18/PHB47	NA	103.798602691826	NA	NA	NA	NA	156.920795075038	122.763383669013	NA	128.535795644949	184.87631044332	NA	133.235429766827	NA	NA	194.955673537288	197.388581459911
PH207_PHG47-2/PHB47	NA	94.4326875956369	105.343677622623	NA	NA	NA	98.0604211983266	130.407381699525	NA	148.457497236858	126.865508345698	NA	147.163460544889	NA	NA	191.199765592247	193.83539589508
PH207_PHG47-22/PHB47	NA	108.045196840752	NA	NA	NA	NA	NA	99.5972708073103	NA	137.804328426169	132.671909482203	NA	148.877523745678	NA	NA	199.070310297242	192.865176999264
PH207_PHG47-23/PHB47	NA	114.940295362137	124.072866897744	NA	NA	NA	158.688873026585	NA	NA	197.199880606855	178.392996330278	NA	NA	NA	NA	NA	217.960972131395
PH207_PHG47-24/PHB47	NA	119.398034693649	NA	NA	NA	NA	NA	125.75767828114	NA	139.639618801507	NA	NA	164.37674104694	NA	NA	205.52581619809	NA
PH207_PHG47-25/PHB47	NA	105.0678771463	119.050210028374	NA	NA	NA	155.385608345254	154.669265510961	NA	NA	100.334782181301	NA	153.492104515947	NA	NA	NA	193.301533698721
PH207_PHG47-3/PHB47	NA	139.978515863433	135.718700611923	NA	NA	NA	118.595780241078	139.849245806958	NA	122.849632565826	NA	NA	167.781631521035	NA	NA	199.672367281444	216.474464797711
PH207_PHG47-6/PHB47	NA	155.443152947626	114.630869461743	NA	NA	NA	171.730491780318	108.559899511898	NA	171.730321920656	172.142125980004	NA	NA	NA	NA	202.435542991878	NA
PH207_PHG47-7/PHB47	NA	139.069005408768	NA	NA	NA	NA	NA	172.076912586929	NA	154.01625875271	160.198595615051	NA	147.197580870529	NA	NA	195.860348371933	NA
PH207_PHG47-8/PHB47	NA	137.699979682346	197.732491444893	NA	NA	NA	135.970168128959	106.367572866123	NA	138.43244997101	153.903409212979	NA	157.069578162066	NA	NA	210.04593550508	216.693498724684
PHG47/PHB47	NA	NA	NA	NA	NA	NA	164.492366007123	NA	NA	NA	167.166201502454	NA	154.250722578817	NA	NA	192.017301410081	181.885513043601
PHG72/PHB47	119.998984403503	86.5330643236006	109.914902609114	NA	NA	153.159116333281	119.05490862621	150.305926503312	134.525698033629	168.441491416691	134.911548360097	125.077394311809	141.930044406108	NA	150.58355308011	170.277934997136	177.122671622221
PHG80/PHB47	90.1315793113546	NA	NA	NA	NA	93.56315312188	NA	NA	NA	NA	171.598119296608	191.749601879283	NA	152.053441093626	164.673668808745	NA	NA
PHKE6/PHB47	NA	129.618146205817	NA	142.9293321342	83.094430340915	134.281172090512	169.948123577463	NA	NA	NA	NA	150.168782127555	NA	167.055024746048	NA	NA	207.769410886996
PHM81/PHB47	NA	NA	NA	NA	NA	NA	NA	NA	123.21217465501	135.375410647043	98.5442582374265	NA	144.570758275112	NA	132.059481867839	NA	NA
PHN11_LH145_0003/PHB47	NA	104.233789873027	NA	NA	NA	107.568422157001	NA	NA	NA	107.415558429775	99.8981287966569	118.637566608788	130.581045687072	NA	NA	190.535862094302	NA
PHN11_LH145_0085/PHB47	100.537477023775	94.1625214198878	NA	NA	NA	104.435731197842	159.386336395037	129.367808104169	136.931266940708	NA	NA	145.91064301427	NA	NA	163.985529320245	NA	189.12884596366
PHN11_OH43_0001/PHB47	80.4108119805131	131.999006607918	NA	NA	NA	NA	132.883935640948	NA	125.307193876335	NA	155.757351926039	156.10738505844	151.051615168267	NA	NA	173.762934806983	191.788495033984
PHN11_OH43_0036/PHB47	119.170804353203	130.942595070366	165.730539504523	NA	NA	NA	125.793176815197	106.828525876178	123.14998699654	142.432912262522	91.4901383299272	116.569882865119	149.778912687613	NA	148.19815639009	NA	185.443972533631
PHN11_OH43_0075/PHB47	NA	NA	NA	NA	NA	NA	133.586933462849	NA	NA	NA	178.545923167336	175.671413402955	NA	NA	NA	212.110397332792	190.599322513924
PHN11_OH43_0088/PHB47	103.543423024724	105.056748862792	NA	NA	NA	116.630187524906	135.850287790416	131.557422838255	125.891975773507	145.384308915009	NA	151.238369914802	146.756336396789	NA	182.668322919386	198.890190868281	211.085711064575
PHN11_OH43_0184/PHB47	NA	103.898750158642	NA	NA	NA	123.296167012867	182.292164980298	NA	149.919023904958	NA	NA	118.607917816619	153.993033882488	NA	166.757778825567	188.661009396292	NA
PHN11_OH43_0215/PHB47	110.972977645583	91.7047659270806	121.4594827618	NA	NA	NA	NA	NA	NA	NA	146.933872556663	184.894806034295	163.282392761227	NA	NA	218.715386301175	NA
PHN11_PHG47_0251/PHB47	114.026185910394	98.1453047457439	115.562801621988	NA	NA	119.430649575203	145.142410406182	116.350532684214	151.883091147344	153.083847456093	NA	141.856671771245	NA	NA	169.684342467278	184.503463030534	222.734057716058
PHN11_PHG47_0287/PHB47	115.184102544715	112.419211624447	136.332071613073	NA	NA	NA	NA	160.63815319315	NA	NA	173.286776827848	155.492618813979	156.717144262079	NA	153.962758704124	NA	NA
PHN11_PHG47_0388/PHB47	NA	136.621286897748	NA	NA	NA	NA	126.406815320355	NA	NA	NA	174.333719847734	165.838534021607	150.67867258386	NA	NA	190.737434271472	217.204288583021
PHN11_PHG47_0390/PHB47	NA	NA	NA	NA	NA	108.953226936991	93.6651355827922	NA	116.024371253649	NA	169.639958973111	163.09771738958	167.309475866595	NA	NA	NA	228.4543573555
PHN11_PHW65_0015/PHB47	111.515870611574	107.592517856937	117.640369479468	NA	NA	122.172423795306	175.553940949027	198.686398746359	143.828171646334	162.391151778933	170.604458413373	160.497527512693	167.238580184633	143.595203566186	194.580964597417	NA	NA
PHN11_PHW65_0065/PHB47	127.864904940533	NA	136.01054473092	NA	NA	NA	NA	NA	123.227070836038	122.45396235679	NA	NA	NA	NA	143.115310758125	192.615948068678	NA
PHN11_PHW65_0237/PHB47	157.013324198873	117.009790600283	108.478704587609	NA	NA	123.136904282023	NA	152.061136155921	150.151409365538	155.831420245198	NA	139.825458418237	154.138844907138	NA	208.36852607865	NA	NA
PHN11_PHW65_0294/PHB47	NA	129.830559147338	NA	NA	NA	NA	NA	NA	167.966536998138	151.855043884382	178.038148083104	NA	172.755510051217	NA	181.322547497848	210.432326133121	NA
PHN11_PHW65_0323/PHB47	113.198845776333	114.277011227193	121.696978683458	NA	NA	120.098495808754	145.441661483944	145.250941845341	172.114909038375	174.78155955132	143.071040341617	143.053890042832	171.615264537285	172.360014941631	199.971260951641	198.957348682167	221.916132233972
PHN11_PHW65_0359/PHB47	NA	NA	NA	NA	NA	119.80028132819	NA	121.37934157183	135.851363236843	156.696563505182	173.644098230761	NA	126.463263722726	NA	NA	203.859736766626	NA
PHP02/PHB47	125.878786598343	136.285972977609	136.348165647718	105.67898316131	132.120646594425	144.811531340155	140.751210246521	173.066974718869	142.527688705653	165.78145998016	156.44602877802	192.72207942544	197.933934457936	157.098891397533	203.158979041526	212.86526335828	203.571667781986
PHR25/PHB47	NA	NA	NA	122.970140319605	136.14170117518	NA	NA	NA	NA	NA	163.081188360648	183.152783828122	147.247036912669	NA	NA	NA	NA
PHW65_MOG_0271/PHB47	153.513281730805	98.0723625262517	NA	NA	NA	135.146486487485	NA	162.298954950065	175.665902765858	155.218076929478	NA	162.839820445849	NA	NA	NA	NA	NA
PHW65_MOG_0311/PHB47	94.3071965888932	115.257694235993	NA	NA	NA	127.617725114122	NA	145.122209738549	138.644798734784	NA	NA	166.129678539725	NA	NA	234.229253930381	NA	NA
PHZ51/PHB47	NA	80.865345252517	123.517239506794	121.609109496715	123.64259551791	136.855320536839	NA	139.991128395511	155.600812681525	NA	NA	172.52041695564	NA	139.181209485576	178.978033841125	NA	NA
Q381/PHB47	143.728792506503	99.0815799865629	117.047133654319	NA	NA	119.938822653979	107.594011848139	133.665418034616	123.318007064155	NA	197.711668565162	180.326080335856	NA	NA	178.700798918077	206.737105622884	211.29400141513
SD101/PHB47	NA	NA	NA	NA	NA	NA	63.5172945747908	NA	NA	NA	NA	118.102896850453	NA	NA	99.7454021823222	161.72197022981	167.091316189932
TX204/PHB47	104.416329938135	NA	NA	178.60369300258	163.407467977035	108.699436833273	NA	NA	173.28960489181	NA	NA	NA	NA	185.804644711011	227.794452009605	NA	NA
TX205/PHB47	115.923851692113	NA	NA	156.865172152535	163.807771804875	NA	NA	NA	NA	212.08188074976	NA	159.616533199087	NA	183.301219211136	NA	NA	NA
TX303/PHB47	NA	120.950468997258	NA	115.88570064198	161.626571830125	121.855901912402	74.9092442747822	NA	NA	183.686716472817	153.829224544338	163.060734330998	149.440016624159	210.682307324467	NA	187.61432705899	219.156559218626
W10001_0003/PHB47	73.5079385758646	62.1607416582375	74.8700139451188	85.73475013792	93.93279236902	NA	NA	144.672005192302	NA	NA	NA	NA	123.083112289909	156.07867447776	144.62345471157	177.917544521604	NA
W10001_0006/PHB47	NA	NA	NA	86.53693586387	91.42440582277	NA	159.480808364446	NA	114.243596768754	113.142850654631	148.978656342592	131.959374273689	NA	97.429374620085	NA	NA	217.780778832062
W10001_0007/PHB47	94.3066418620846	70.2073224341881	NA	74.67264185343	77.50692183027	112.722833496532	71.2602844337768	138.614209473371	NA	NA	NA	125.213242391729	115.422218606168	157.229917018106	147.745034219145	NA	NA
W10001_0009/PHB47	NA	NA	74.8217057384991	NA	NA	NA	NA	NA	NA	138.979971325281	73.0040959153375	NA	NA	113.696059932327	NA	152.624091264482	192.879330800018
W10001_0011/PHB47	NA	63.2835577774642	NA	NA	NA	NA	NA	123.597974221616	NA	158.766504946965	78.4098930004672	NA	182.131592575702	NA	NA	NA	NA
W10001_0012/PHB47	31.9322591731731	NA	75.4704976348537	NA	NA	NA	NA	NA	92.7311738007917	NA	86.5489230175988	79.7170396999499	NA	145.880758133369	109.827465216521	142.838159272942	115.61522678798
W10001_0014/PHB47	NA	92.9109652012442	85.5804897154188	NA	NA	NA	NA	121.157247535644	NA	NA	131.697665116285	128.8039259032	107.239138682772	164.459708866436	179.46652754232	NA	175.625188962724
W10001_0018/PHB47	NA	50.8859771288024	92.0350810241713	NA	NA	105.402044938589	125.415172520209	NA	NA	NA	NA	147.218866010528	127.908921042834	NA	NA	170.872289469531	NA
W10001_0019/PHB47	26.2749800197946	NA	NA	NA	NA	NA	86.5678613683466	87.836587160786	98.8448926298611	107.415558429775	130.538643977999	110.36570381259	NA	105.182013906821	138.793100144205	133.980583269071	146.862462109616
W10001_0022/PHB47	100.932717616064	99.1932436797955	118.463116707249	110.93603937168	112.788189775285	94.7629158380417	107.571760789021	151.016950968288	129.120407370212	125.235624534033	132.077957577127	164.510728528213	157.410031494611	155.12473995277	169.57620381421	186.69841459624	207.9007456785
W10001_0031/PHB47	80.2174550560046	NA	NA	NA	NA	162.703547495424	63.8875400829468	95.5411987229152	NA	NA	124.971036342104	211.639625410529	179.589933696405	106.330111194278	NA	162.685419644989	183.395178724921
W10001_0033/PHB47	NA	111.530991844677	89.339052061143	NA	NA	NA	NA	NA	NA	NA	128.859098491131	NA	140.707889768398	148.697372444477	180.329800259571	NA	NA
W10001_0047/PHB47	113.634363950243	NA	NA	NA	NA	NA	125.538876666045	182.122592482908	174.198672817875	NA	130.590181721771	164.3239636293	NA	NA	NA	161.399481886528	215.218837424454
W10002_0001/PHB47	NA	61.9787716474477	NA	NA	NA	NA	NA	NA	NA	128.367020674731	157.460725835933	NA	78.9966425424476	NA	152.759936784567	NA	193.16978490434
W10002_0002/PHB47	NA	NA	133.089774966649	NA	NA	NA	92.4054178657268	137.78222488683	NA	NA	170.123770682255	130.711674389327	148.964684842589	NA	NA	171.643103776674	216.379996372093
W10005_0029/PHB47	NA	126.864037154766	127.964997676233	NA	NA	NA	128.567987184525	131.240173588501	141.985125913271	147.301775668034	179.08773469573	176.946068759352	148.321477231897	NA	172.855227501101	213.401862748229	213.52776453959
W10005_0037/PHB47	131.547580340193	151.519295806756	112.687718480349	NA	NA	143.416780995373	130.736744980807	116.902325442283	136.626895553445	160.812735486878	153.026835115314	131.256272918079	187.418863125674	NA	199.454227763916	221.695569307299	213.14976222906
W10005_0107/PHB47	98.1316136445239	110.289773981927	NA	NA	NA	121.518441824019	164.922871425479	171.322503362184	138.525915448454	130.285150612445	NA	155.503331205377	152.729496640738	177.245563044266	164.720588457158	NA	199.70735497238
W10005_0111/PHB47	124.859192987845	121.046301868983	110.470463069209	129.145655350905	128.01025570168	113.61083687305	NA	140.173637847235	148.934734719729	124.833111382337	NA	147.527419085622	NA	154.263575774865	166.664653070831	NA	NA
W10005_0147/PHB47	115.900151674454	122.807427493348	107.164630355212	NA	NA	136.821847700553	156.01962687832	141.973134126858	127.534399547102	150.704971012897	NA	95.6595760921512	174.186303054259	NA	155.179534935778	163.120274403396	196.99355962325
W10005_0220/PHB47	129.871129587185	99.9965324717523	NA	NA	NA	123.880422644095	191.194757003361	142.580392632472	138.064340303722	NA	196.143840961315	166.909346167109	152.035565164208	NA	172.762565396585	202.709601197268	206.875503103187
W10006_0003/PHB47	47.8195693933932	67.3411372600175	NA	NA	NA	110.973729484709	66.7819632938429	134.093543555391	143.934940578503	147.788934213592	139.407442869428	130.236662770088	113.607542003269	NA	186.753963183099	188.2159632905	97.0315881780279
W10006_0004/PHB47	43.0577130982531	75.4871960118617	99.1603292483327	NA	NA	83.9881574643706	93.909334917469	NA	88.1666170646611	NA	107.429760251517	69.355121049689	127.42474010341	NA	137.512683058985	102.317919132009	145.995737355516
W10008_0001/PHB47	70.9611517993132	122.762614831407	NA	NA	NA	NA	NA	156.876169514122	144.903346217432	130.46251464177	136.314062504777	175.16115868194	155.506413315459	138.491711573638	NA	NA	191.583964391928
W10008_0017/PHB47	114.068202291685	NA	NA	NA	NA	121.559212258143	NA	NA	133.894184243641	NA	169.165322112908	NA	153.508107952003	169.905703400704	NA	186.176739672172	181.945631750315
W10008_0018/PHB47	NA	133.526088786269	115.042991717229	90.144360689975	152.85013396473	NA	116.490344120982	134.693210262001	NA	NA	NA	NA	NA	186.171725963786	180.188222922125	NA	NA
W10008_0037/PHB47	NA	NA	NA	NA	NA	NA	133.849407573078	NA	NA	NA	156.161445070812	104.115562702658	NA	NA	166.44075288399	177.038860945737	NA
W10008_0042/PHB47	69.1022293642246	146.447114913286	NA	NA	NA	NA	111.671232423289	NA	NA	145.073178544583	NA	NA	NA	NA	NA	NA	202.16496339822
W10008_0053/PHB47	NA	NA	110.75641223617	NA	NA	NA	NA	NA	177.067880891461	NA	139.881842601828	NA	NA	NA	NA	182.005003502118	214.881777797864
W10008_0059/PHB47	NA	NA	99.2004995745923	114.891187600575	116.336656142295	132.216853725497	83.793904418999	122.2023911437	NA	NA	NA	158.481909568375	157.823971397719	137.816995676717	NA	NA	NA
W10008_0063/PHB47	NA	NA	NA	NA	NA	NA	137.657148430996	NA	NA	134.786644605626	138.737881230349	NA	NA	NA	NA	176.614044426207	NA
W10008_0069/PHB47	116.683532062899	126.093365939588	101.558105817186	NA	NA	136.600490116775	92.0076808880068	167.276761501995	162.423252002006	174.871344917545	146.992310697767	173.358721855117	170.134433518932	179.323664830059	180.720670130731	192.04744161927	NA
W10008_0099/PHB47	NA	NA	129.476927689639	135.31684164776	100.61868163023	124.007567366044	118.184967524479	141.057533396486	NA	NA	165.449440851552	NA	NA	146.303128332366	NA	204.354724811306	182.683337858485
W10008_0119/PHB47	138.093240522863	115.459029465922	NA	112.088030676495	87.679864223395	NA	NA	NA	NA	149.141443727893	130.891446667079	NA	138.578751826687	178.879802418906	157.356435218396	189.671472345583	190.473666319371
W37A/PHB47	104.400519491673	NA	NA	NA	NA	128.347970299331	119.729636379164	117.001850858196	120.00132765747	143.917226573455	NA	122.696789048402	175.167746357109	NA	NA	215.943263166931	203.100851934953
