line_code	GAH1_15	INH1_15	MOH2_15	NYH2_15	OHH1_15	DEH1_15	NYH3_15	NEH1_15	ILH1_15	NCH1_15	MNH1_15	NEH4_15	WIH2_15	ONH2_15	WIH1_15
B118/PHB47	NA	NA	NA	NA	120.301581039434	108.529149905936	142.280883486569	NA	NA	NA	NA	NA	125	136.874121450237	156.745549462822
B97/PHB47	75	93.2667229153741	93.2553383352396	93.613638666829	124.131000201518	107.544770509324	119.511131997773	105	112.121188308721	126.257749057264	128.669588825041	119.033104826697	127.5	125.999999999311	140.851847688042
CG106/PHB47	NA	NA	NA	94.9475607096003	110.301581039434	NA	83.889523991159	NA	NA	NA	117.799817357507	NA	NA	122.500000047844	122.456780141905
CG108/PHB47	NA	NA	NA	117.086802160293	121.459165668886	NA	97.7576196404429	110	NA	NA	NA	NA	NA	NA	NA
CG110/PHB47	NA	NA	NA	91.5321452349007	NA	NA	115.011131997773	NA	NA	NA	116.604986584376	NA	117	137.500000102361	NA
CG111/PHB47	NA	NA	NA	86.2349413327495	NA	NA	92.855858208661	110	NA	NA	136.087056222694	NA	120	129.874121704646	NA
CG122/PHB47	NA	NA	NA	98.5789181406473	NA	NA	107.757619640443	NA	NA	NA	103.799817357507	104.963281516868	122	121.125878349182	156.968916485644
CG123/PHB47	NA	NA	NA	97.4737871583505	NA	NA	119.757619640443	NA	NA	NA	133.068118580911	NA	142	115.125878389666	NA
CG124/PHB47	NA	NA	NA	114.567865689418	111.044941632639	NA	124.548377370484	NA	NA	NA	121.072101403408	NA	130	134.125878472474	NA
CG125/PHB47	NA	NA	NA	104.566566973848	NA	NA	100.548377370484	NA	NA	NA	120.604986584376	NA	108	142.874121454381	NA
CG126/PHB47	NA	NA	NA	106.578918140647	NA	NA	93.5681731542947	NA	NA	NA	106.471341208308	NA	117	121.125878389666	NA
CG127/PHB47	NA	NA	NA	99.5955330739037	NA	NA	113.399401048696	110	111.527228914415	NA	97.8591258814582	NA	140	128.500000034043	NA
CG60/PHB47	NA	NA	NA	84.613638666829	NA	NA	99.5714159857076	NA	NA	NA	101.830358925301	NA	123	124.500000036115	NA
CGR03/PHB47	NA	NA	NA	102.47378715835	NA	NA	119.538624175558	NA	NA	NA	128.068118580911	NA	137	143.125878500077	NA
CML228/PHB47	NA	103.122260259091	113.43605043778	NA	NA	155.027405747025	NA	130	NA	133.589604935155	NA	NA	NA	NA	NA
H95/PHB47	70	92.9564187085748	88.4360504377802	NA	NA	NA	NA	110	NA	99.6067583387315	NA	NA	NA	NA	NA
KY21/PHB47	90	NA	96.5694109333062	NA	NA	NA	NA	120	139.926712938849	123.872323649585	NA	NA	NA	NA	NA
LH162/PHB47	NA	NA	89.7976454713677	NA	92.500420834456	94.4640700585367	NA	NA	NA	106.347382824495	NA	110.172357525331	NA	NA	138.914696770774
LH38/PHB47	55	92.8412889313165	58.4964687958209	76.036346713821	97.3708609393579	NA	NA	NA	NA	90.5896049351546	85.7998173575072	NA	105	99.0000000407153	NA
LH51/PHB47	NA	NA	NA	116.289818271495	NA	NA	NA	130	122.302268340389	NA	122.374595845924	NA	NA	139.500000003912	NA
LH57/PHB47	NA	83.350273969039	NA	89.107485180253	NA	NA	NA	NA	NA	NA	97.1064709167346	NA	NA	112.500000051756	119.745549462822
LH61/PHB47	NA	NA	NA	94.7427790059611	108.301581039434	105.140497376519	NA	NA	NA	NA	NA	NA	115	133.000000011041	NA
LH82_PH207-11/PHB47	NA	89.9564187085748	NA	NA	109.677120537218	97.5341261807896	112.280883486569	NA	107.302268340389	NA	106.413124475962	NA	110	NA	131.620086423538
LH82_PH207-12/PHB47	NA	72.6146966271098	NA	NA	88.5054808894252	NA	99.5681731542947	NA	102.302268340389	NA	116.664195891078	NA	103	NA	NA
LH82_PH207-13/PHB47	NA	90.8412889313165	NA	NA	87.9400824592781	87.5291499059357	107.909787209422	NA	92.5975818508902	NA	102.604986584376	NA	113	NA	118.800443333982
LH82_PH207-14/PHB47	NA	NA	NA	NA	NA	98.445605688479	105.861948484846	NA	89.9267129388488	NA	NA	NA	125	NA	NA
LH82_PH207-15/PHB47	NA	92.8412889313165	NA	NA	107.306131635702	NA	114.548377370484	NA	115.43279261692	NA	125.46648734328	NA	132	NA	152.720626624964
LH82_PH207-16/PHB47	NA	82.6146966271098	NA	NA	90.6209811398004	78.300547481039	97.3061754110009	NA	88.2578768950887	NA	106.829086430883	NA	108	NA	NA
LH82_PH207-17/PHB47	NA	NA	NA	NA	NA	97.6006127722794	124.771880394923	NA	NA	NA	112.664195891078	NA	130	NA	133.571029747325
LH82_PH207-18/PHB47	NA	81.8705491723749	NA	NA	98.0411076911052	NA	88.2808834865692	NA	108.567277529727	NA	116.46648734328	NA	NA	NA	140.800443333982
LH82_PH207-19/PHB47	NA	98.8705491723749	NA	NA	NA	105.445605688479	122.637515916068	NA	128.191430079434	NA	NA	NA	122	NA	127.456780141905
LH82_PH207-2/PHB47	NA	83.350273969039	NA	NA	108.932232674712	98.6006127722794	110.942943888731	NA	103.752818652624	NA	113.604986584376	NA	120	NA	NA
LH82_PH207-22/PHB47	NA	77.5070347760815	NA	NA	80.8617932485973	57.4640700585368	93.6375159160676	NA	93.8095840005229	NA	69.6049865843756	NA	97	NA	107.27160745926
LH82_PH207-23/PHB47	NA	93.350273969039	NA	NA	108.940082459278	105.389140167903	97.6782477180051	NA	98.2578768950886	NA	122.508818724781	NA	113	NA	NA
LH82_PH207-24/PHB47	NA	88.4750737250482	NA	NA	NA	NA	114.548377370484	NA	NA	NA	101.174495535279	NA	120	NA	130.27160745926
LH82_PH207-25/PHB47	NA	77.8412889313165	NA	NA	77.500420834456	80.4456056884789	88.9429438887307	NA	97.5975818508902	NA	98.087056222694	NA	120	NA	118.282158406669
LH82_PH207-4/PHB47	NA	96.7216194815351	NA	NA	115.301581039434	121.53412618079	117.942943888731	NA	NA	NA	122.413124475962	NA	125	NA	127.702688708782
LH82_PH207-5/PHB47	NA	109.721619481535	NA	NA	92.2600133671998	NA	111.855858208661	NA	107.462258431557	NA	114.830358925301	NA	130	NA	126.417920138714
LH82_PH207-6/PHB47	NA	71.6743837884651	NA	NA	NA	105.464070058537	NA	NA	109.230871826433	NA	133.508818724781	NA	118	NA	132.061608417512
LH82_PH207-7/PHB47	NA	76.5596205374652	NA	NA	105.920499791035	78.5291499059357	90.861948484846	NA	94.2457442410681	NA	126.471341208308	NA	110	NA	121.73245262579
LH82_PH207-8/PHB47	NA	NA	NA	NA	112.16658621338	NA	88.9097872094218	NA	NA	NA	96.8303589253008	NA	127	NA	129.628476312856
LH82_PH207-9/PHB47	NA	NA	NA	NA	98.9400824592781	NA	NA	NA	104.098969759123	NA	116.508254035011	NA	108	NA	NA
LH82_PHG47-1/PHB47	NA	NA	NA	64.6136386668289	NA	NA	107.538624175558	90	NA	NA	108.144205107473	NA	90.0000000000001	130.874121454381	130.451553558159
LH82_PHG47-10/PHB47	NA	NA	NA	92.0599100425564	100.2600133672	NA	103.234185419516	110	105.045440445773	NA	124.664195891078	NA	122	112.874121507746	NA
LH82_PHG47-11/PHB47	NA	NA	NA	110.578918140647	112.16658621338	NA	112.771880394923	110	99.2308718264335	NA	121.550692655474	NA	135	118.874121631039	140.451553558159
LH82_PHG47-12/PHB47	NA	NA	NA	101.567865689418	95.9322326747124	NA	95.5637478275087	NA	106.127388477254	NA	NA	NA	105	127.874121704646	137.417920138714
LH82_PHG47-13/PHB47	NA	NA	NA	NA	107.677120537218	NA	104.72409166645	120	108.809584000523	NA	102.508818724781	NA	103	107.874121718904	138.571029747325
LH82_PHG47-14/PHB47	NA	NA	NA	110.567865689418	101.164940265696	NA	101.563747827509	110	101.527228914415	NA	102.068118580911	NA	105	132.874121732249	NA
LH82_PHG47-15/PHB47	NA	NA	NA	79.2290790931573	95.2600133671998	NA	115.757619640443	NA	113.809584000523	NA	107.664195891078	NA	108	NA	129.417920138714
LH82_PHG47-16/PHB47	NA	NA	NA	NA	NA	NA	86.3061754110009	100	NA	NA	NA	NA	95	105.125878506974	116.001006667301
LH82_PHG47-17/PHB47	NA	NA	NA	94.5665669738485	112.868211000532	NA	129.637515916068	NA	103.634430185594	NA	123.46648734328	NA	NA	NA	142.800443333982
LH82_PHG47-18/PHB47	NA	NA	NA	79.9998640775584	107.677120537218	NA	110.007167587395	110	107.462258431557	NA	117.471341208308	NA	132	123.125878304554	124.628476312856
LH82_PHG47-19/PHB47	NA	NA	NA	101.611478660603	113.505480889425	NA	NA	110	110.43279261692	NA	106.829086430883	NA	113	110.125878389666	135.442889189527
LH82_PHG47-2/PHB47	NA	NA	NA	NA	109.16658621338	NA	107.757619640443	100	110.045440445773	NA	104.195194711291	NA	120	NA	140.313475260478
LH82_PHG47-20/PHB47	NA	NA	NA	98.4737871583504	NA	NA	100.909787209422	100	79.9267129388488	NA	103.144205107473	NA	110	128.125878500077	119.001006667301
LH82_PHG47-21/PHB47	NA	NA	NA	108.611478660603	112.16658621338	NA	104.861948484846	NA	NA	NA	120.550692655474	NA	120	117.874121507746	152.27160745926
LH82_PHG47-22/PHB47	NA	NA	NA	NA	100.932232674712	NA	82.3061754110009	90	96.1273884772536	NA	NA	NA	NA	NA	142.720626624964
LH82_PHG47-23/PHB47	NA	NA	NA	82.9998640775584	82.500420834456	NA	NA	100	93.6344301855945	NA	111.859125881458	NA	105	106.874121454381	140.313475260478
LH82_PHG47-24/PHB47	NA	NA	NA	74.6114786606034	103.932232674712	NA	91.6782477180051	NA	87.8435402532851	NA	107.604986584376	NA	113	102.874121507746	136.061608417512
LH82_PHG47-25/PHB47	NA	NA	NA	NA	75.4591656688858	NA	80.9290033698403	100	104.098969759123	NA	114.859125881458	NA	97	NA	NA
LH82_PHG47-3/PHB47	NA	NA	NA	85.5665669738485	NA	NA	79.9290033698403	100	NA	NA	106.413124475962	NA	112	101.125878506974	107.628476312856
LH82_PHG47-4/PHB47	NA	NA	NA	104.566566973849	97.8682110005324	NA	106.757619640443	90	95.0454404457733	NA	96.471341208308	NA	102	112.874121454381	129.456780141905
LH82_PHG47-5/PHB47	NA	NA	NA	89.8936874049211	105.932232674712	NA	102.563747827509	130	107.302268340389	NA	124.087056222694	NA	115	NA	134.968916485644
LH82_PHG47-6/PHB47	NA	NA	NA	NA	107.306131635702	NA	NA	NA	NA	NA	116.068118580911	NA	NA	134.874121454381	157.628476312856
LH82_PHG47-7/PHB47	NA	NA	NA	99.8936874049211	95.2600133671998	NA	99.538624175558	110	NA	NA	96.8290864308827	NA	115	115.125878500077	127.745549462822
LH82_PHG47-8/PHB47	NA	NA	NA	NA	NA	NA	127.771880394923	120	109.098969759123	NA	107.550692655474	NA	117	96.1258785069745	NA
LH82_PHG47-9/PHB47	NA	NA	NA	91.5678656894178	103.932232674712	NA	89.6782477180051	90	103.809584000523	NA	108.174495535279	NA	118	130.125878389666	148.451553558159
MO44_LH145_0127/PHB47	NA	NA	70.8949277757484	85.0228568683288	100.2600133672	117.140497376519	113.72409166645	100	NA	108.606758338732	105.362594095377	130.172357525331	119	133.499999961356	133.865697699596
MO44_PHG47_0072/PHB47	NA	90.9010392799938	NA	79.8936874049211	104.67134436527	110.027405747025	112.434961619255	105	103.809584000523	NA	112.48765303403	115.18009214243	112	125.499999892117	133.896034264002
MOG_LH123HT-031-1-1-1-1-B/PHB47	NA	NA	124.359408036537	NA	NA	141.743589159328	NA	NA	NA	126.639546303726	NA	119.630539247138	NA	NA	NA
NYH-029/PHB47	NA	NA	NA	106.47378715835	NA	NA	139.855858208661	NA	NA	NA	116.072101403408	NA	123	131.874121533046	NA
NYH-052/PHB47	NA	NA	NA	83.613638666829	NA	NA	89.2341854195162	NA	NA	NA	105.830358925301	NA	NA	117.874121631039	NA
NYH-055/PHB47	NA	NA	NA	100.131156105251	NA	NA	126.757619640443	NA	NA	NA	136.508254035011	NA	128	143.874121669219	NA
NYH-061/PHB47	NA	NA	NA	87.613638666829	NA	NA	114.112476786124	NA	NA	NA	112.830358925301	NA	120	105.874121706023	NA
NYH-128/PHB47	NA	NA	NA	93.2290790931573	NA	NA	115.678247718005	NA	NA	NA	124.195194711291	NA	115	98.8741217322487	NA
NYH-129/PHB47	NA	NA	NA	NA	NA	NA	100.771880394923	NA	NA	NA	94.6049865843756	NA	102	90.8741217189042	NA
NYH-211/PHB47	NA	NA	NA	NA	NA	NA	119.678247718005	NA	NA	NA	119.087056222694	NA	133	149.874121669219	NA
NYH-229/PHB47	NA	NA	NA	81.9998640775584	NA	NA	89.9290033698403	NA	NA	NA	137.072101403408	NA	132	117.874121533046	NA
NYH-240/PHB47	NA	NA	NA	120.131156105251	NA	NA	112.637515916068	NA	NA	NA	118.508818724781	NA	127	136.874121533046	NA
NYH-244/PHB47	NA	NA	NA	115.086802160293	NA	NA	98.7712922841586	NA	NA	NA	114.859125881458	NA	118	160.125878289833	NA
NYH-245/PHB47	NA	NA	NA	108.045822003066	NA	NA	97.9429438887307	NA	NA	NA	116.667837467578	NA	132	143.125878389666	NA
NYH-250/PHB47	NA	NA	NA	94.4320750698287	NA	NA	96.2341854195162	NA	NA	NA	126.667837467578	NA	122	113.125878506974	NA
NYH-251/PHB47	NA	NA	NA	111.613638666829	NA	NA	127.855858208661	NA	NA	NA	107.664195891078	NA	128	134.874121631039	NA
NYH-258/PHB47	NA	NA	NA	94.5789181406474	NA	NA	114.909787209422	NA	NA	NA	104.664195891078	NA	132	125.125878367584	NA
NYH-269/PHB47	NA	NA	NA	93.9998640775585	NA	NA	125.568173154295	NA	NA	NA	116.830358925301	NA	117	123.874121718904	NA
OH43/PHB47	NA	NA	NA	91.0868021602932	NA	NA	88.9429438887307	NA	110.43279261692	98.8723236495853	NA	NA	113	135.125878378162	107.702688708782
PH207_PHG47-1/PHB47	NA	97.5573151583103	NA	106.47378715835	NA	NA	142.306175411001	NA	119.926712938849	NA	NA	119.442923220325	118	143.125878304554	NA
PH207_PHG47-10/PHB47	NA	93.6379954383598	NA	NA	NA	NA	102.72409166645	NA	115.43279261692	NA	109.550692655474	120.641011581873	NA	NA	NA
PH207_PHG47-11/PHB47	NA	54.5596205374652	NA	88.2349413327495	NA	NA	NA	NA	NA	NA	95.1951947112907	86.3353830573611	133	120.125878349182	NA
PH207_PHG47-12/PHB47	NA	NA	NA	NA	NA	NA	102.757619640443	NA	109.230871826433	NA	141.829086430883	NA	NA	121.874121704646	NA
PH207_PHG47-13/PHB47	NA	94.5596205374652	NA	100.47378715835	NA	NA	121.568173154295	NA	124.245744241068	NA	NA	121.432014908187	123	138.125878349182	NA
PH207_PHG47-15/PHB47	NA	NA	NA	101.567865689418	NA	NA	108.568173154295	NA	117.302268340389	NA	122.084701457948	120.641011581873	122	124.125878500077	NA
PH207_PHG47-16/PHB47	NA	81.9720808439298	NA	NA	NA	NA	92.7718803949231	NA	108.257876895089	NA	106.508254035011	79.9528333974142	120	122.125878472474	NA
PH207_PHG47-18/PHB47	NA	89.7216194815351	NA	89.7010372930322	NA	NA	91.3061754110009	NA	99.2308718264334	NA	145.087056222694	110.641011581873	115	107.874121732249	NA
PH207_PHG47-2/PHB47	NA	102.841288931316	NA	NA	NA	NA	86.007167587395	NA	92.462258431557	NA	102.664195891078	110.566539567277	118	117.125878289833	NA
PH207_PHG47-22/PHB47	NA	77.9315293876127	NA	79.4320750698287	NA	NA	NA	NA	79.2308718264335	NA	113.667837467578	123.040643180781	108	123.874121704646	NA
PH207_PHG47-23/PHB47	NA	NA	NA	92.5789181406474	NA	NA	108.92900336984	NA	87.5975818508902	NA	NA	110.566539567277	118	NA	NA
PH207_PHG47-24/PHB47	NA	92.9315293876127	NA	110.086802160293	NA	NA	NA	NA	108.727415350605	NA	113.46648734328	119.442923220325	NA	120.874121631039	NA
PH207_PHG47-25/PHB47	NA	64.7321429537815	NA	94.7010372930322	NA	NA	104.234185419516	NA	NA	NA	110.799817357507	120.729645037722	113	NA	NA
PH207_PHG47-3/PHB47	NA	53.8705491723749	NA	NA	NA	NA	107.306175411001	NA	102.843540253285	NA	105.508818724781	111.432014908187	NA	115.874121454381	NA
PH207_PHG47-6/PHB47	NA	91.8705491723748	NA	113.47378715835	NA	NA	128.568173154295	NA	131.127388477254	NA	NA	121.372470404935	117	147.874121533046	NA
PH207_PHG47-7/PHB47	NA	92.9564187085748	NA	78.0117708535719	NA	NA	NA	NA	109.245744241068	NA	97.1744955352788	122.43556064421	108	124.125878389666	NA
PH207_PHG47-8/PHB47	NA	85.6146966271098	NA	NA	NA	NA	109.538624175558	NA	101.527228914415	NA	117.144205107473	120.641011581873	137	125.874121631039	NA
PHG47/PHB47	NA	NA	NA	90.6089791327721	NA	NA	101.934558036121	NA	NA	NA	90.4897976216595	NA	106	96.5000000236903	NA
PHG72/PHB47	NA	85.9672773034838	NA	84.0458220030662	98.500420834456	73.3891401679034	74.8619484848461	100	118.191430079434	NA	115.413124475962	110.172357525331	122	123.874121507746	144.914696770774
PHG80/PHB47	NA	NA	NA	94.4320750698287	NA	105.53412618079	NA	100	NA	86.0299391594	NA	NA	120	NA	137.800443333982
PHKE6/PHB47	70	NA	NA	NA	NA	NA	108.273651562745	NA	NA	108.380310676196	NA	106.881113350041	NA	NA	138.73245262579
PHM81/PHB47	NA	NA	NA	90.131156105251	80.1649402656959	84.1339102038556	NA	NA	99.9267129388488	NA	80.0847014579481	NA	105	NA	NA
PHN11_LH145_0003/PHB47	NA	NA	NA	72.0458220030663	NA	NA	NA	NA	83.7528186526241	NA	99.0847014579482	80.5665395672774	95	101.125878378162	98.8960342640016
PHN11_LH145_0028/PHB47	NA	70.8705491723749	NA	NA	91.3061316357021	120.955630814793	104.007167587395	NA	NA	NA	114.087056222694	NA	125	NA	NA
PHN11_LH145_0085/PHB47	NA	92.9564187085748	NA	121.893687404921	102.868211000532	120.575181659007	100.007167587395	110	NA	NA	NA	107.425198071522	NA	NA	132.417920138714
PHN11_OH43_0001/PHB47	NA	NA	NA	91.4761337419475	110.920499791035	NA	104.729082289953	110	NA	NA	109.851724373151	117.425198071522	118.5	100.000000106499	136.456780141905
PHN11_OH43_0036/PHB47	NA	97.6743837884651	NA	NA	85.1649402656959	81.3891401679034	88.7712922841586	100	99.0989697591232	NA	88.8591258814583	110.641011581873	103	NA	119.914696770774
PHN11_OH43_0075/PHB47	NA	NA	NA	101.893687404921	NA	NA	119.563747827509	NA	NA	NA	NA	NA	137	133.125878378162	144.720626624964
PHN11_OH43_0088/PHB47	NA	91.2362671140651	NA	95.8352113766441	111.043024661872	110.373076584759	102.956216568761	105	102.927729372989	NA	110.068118580911	112.153155710782	NA	113.125878500077	141.109181736348
PHN11_OH43_0184/PHB47	NA	NA	NA	NA	109.306131635702	70.0032282730385	97.7240916664502	NA	NA	NA	114.072101403408	109.952833397414	NA	116.125878378162	129.914696770774
PHN11_OH43_0215/PHB47	NA	NA	NA	120.940496630323	NA	NA	NA	120	NA	NA	115.799817357507	110.172357525331	125	151.125878506974	151.720626624964
PHN11_PHG47_0048/PHB47	NA	NA	NA	NA	NA	114.631239593316	96.9429438887307	NA	NA	NA	NA	102.43556064421	NA	NA	126.73245262579
PHN11_PHG47_0251/PHB47	NA	85.556534581704	NA	NA	112.488587153676	114.870555074399	105.303625543923	110	96.4258942058736	NA	NA	105.360848512687	NA	140.874121718904	141.683125164466
PHN11_PHG47_0287/PHB47	NA	86.0891242071353	NA	86.5789181406474	NA	95.6006127722794	NA	100	NA	NA	100.471341208308	79.9920519876526	113	NA	130.313475260478
PHN11_PHG47_0388/PHB47	NA	NA	NA	NA	NA	NA	124.92900336984	NA	NA	NA	116.46648734328	122.43556064421	115	132.125878378162	167.702688708782
PHN11_PHG47_0390/PHB47	NA	NA	NA	NA	90.5054808894252	NA	108.855858208661	NA	NA	NA	111.508254035011	NA	148	NA	151.628476312856
PHN11_PHW65_0015/PHB47	NA	99.7013269590675	81.0360436174045	82.9858912673488	103.660479458742	97.6819419258823	105.771292284159	110	118.260318775426	109.0299391594	123.318874439084	98.9958688193999	130	NA	143.267391597156
PHN11_PHW65_0065/PHB47	NA	NA	NA	84.0117708535718	100.868211000532	106.575181659007	NA	100	101.527228914415	NA	NA	NA	NA	132.874121533046	NA
PHN11_PHW65_0237/PHB47	NA	100.732142953782	NA	NA	119.306131635702	113.955630814793	NA	120	125.43279261692	NA	119.413124475962	121.432014908187	NA	NA	161.620086423538
PHN11_PHW65_0294/PHB47	NA	NA	NA	NA	107.306131635702	98.5814053766883	NA	NA	94.0989697591232	NA	128.087056222694	107.643195697573	125	130.874121450237	NA
PHN11_PHW65_0323/PHB47	NA	100.507034776081	106.905971207239	95.5678656894178	123.861793248597	119.529149905936	120.234185419516	120	134.245744241068	106.639546303726	131.508254035011	111.432014908187	117	123.125878289833	158.571029747325
PHN11_PHW65_0359/PHB47	NA	58.0891242071353	NA	NA	101.044941632639	NA	NA	NA	109.098969759123	NA	108.144205107473	NA	113	104.125878333997	NA
PHP02/PHB47	65	74.6887919742282	80.8601134396807	116.011770853572	103.134925093801	103.213150832341	120.33351777759	110	111.527228914415	106.964886836204	121.958071326788	129.442923220325	118.5	127.000000027602	141.417920138714
PHR25/PHB47	80	NA	NA	NA	NA	NA	NA	NA	NA	NA	103.471341208308	NA	115	NA	129.061608417512
PHW65_MOG_0137/PHB47	NA	68.5613649868185	NA	NA	113.459165668886	103.795062071366	NA	100	NA	NA	NA	129.630539247138	NA	NA	132.745549462822
PHW65_MOG_0271/PHB47	NA	114.122260259091	NA	NA	123.6209811398	NA	NA	110	110.43279261692	NA	NA	133.040643180781	NA	NA	162.313475260478
PHW65_MOG_0311/PHB47	NA	112.956418708575	NA	NA	114.329767728323	123.529149905936	NA	100	NA	NA	NA	121.432014908187	NA	NA	151.73245262579
PHZ51/PHB47	90	107.507034776081	93.4964687958209	NA	113.861793248597	91.5751816590067	NA	NA	NA	108.0299391594	NA	120.566539567277	NA	NA	142.456780141905
Q381/PHB47	NA	98.4750737250482	96.3496789224309	NA	107.920499791035	88.5814053766882	102.563747827509	100	NA	NA	NA	124.963281516868	127	137.874121718904	131.745549462822
SD101/PHB47	NA	NA	NA	109.686285850076	NA	96.1404973765189	123.83351777759	NA	NA	NA	NA	NA	NA	140.00000000276	143.800443333982
TX204/PHB47	85	NA	98.7280668816334	NA	129.164940265696	121.060550937185	NA	120	NA	124.863846750346	NA	NA	NA	NA	NA
TX205/PHB47	95	NA	116.250786634224	NA	NA	NA	NA	130	129.245744241068	119.586355456152	NA	NA	NA	NA	137.702688708782
TX303/PHB47	95	NA	101.905971207239	129.985891267349	NA	NA	105.855858208661	NA	153.727415350605	130.034153637201	147.471341208308	137.425198071522	158	161.874121669219	178.896034264002
W10001_0003/PHB47	85	90.9672773034838	115.140394167705	NA	NA	118.631239593316	NA	130	NA	123.582390847912	136.664195891078	119.992051987653	NA	117.874121718904	NA
W10001_0006/PHB47	70	NA	73.4360504377802	103.985891267349	100.932232674712	NA	130.637515916068	NA	118.634430185594	99.3473828244955	NA	NA	140	NA	143.282158406669
W10001_0007/PHB47	85	105.507034776081	76.9059712072391	98.0458220030662	NA	98.5751816590066	128.280883486569	120	NA	115.781608120056	139.667837467578	112.43556064421	NA	NA	150.313475260478
W10001_0009/PHB47	NA	NA	128.778388408007	NA	NA	NA	NA	NA	118.191430079434	116.142771752904	NA	NA	145	161.125878378162	NA
W10001_0011/PHB47	NA	76.5596205374652	NA	NA	NA	NA	NA	NA	107.59758185089	NA	114.084701457948	137.711996482462	122	NA	NA
W10001_0012/PHB47	NA	NA	94.6158108630188	81.7010372930322	108.940082459278	120.464070058537	NA	100	NA	94.8617930058153	NA	NA	122	129.125878472474	121.456780141905
W10001_0013/PHB47	NA	104.674383788465	84.4016726494688	89.5678656894178	NA	NA	124.771880394923	NA	NA	108.347382824495	117.550692655474	NA	NA	137.125878472474	NA
W10001_0014/PHB47	NA	125.61469662711	102.453091686697	NA	NA	116.955630814793	NA	NA	NA	128.606758338732	123.084701457948	127.711996482462	117	NA	137.628476312856
W10001_0018/PHB47	NA	NA	NA	105.985891267349	NA	NA	130.678247718005	NA	NA	NA	93.8290864308826	117.919236833261	NA	140.125878500077	151.896034264002
W10001_0019/PHB47	NA	81.5596205374652	67.453091686697	87.4320750698287	106.041107691105	112.780143301445	89.0071675873951	100	103.752818652624	110.499617242249	NA	NA	110	122.125878500077	132.628476312856
W10001_0022/PHB47	80	93.9696790737068	98.7783884080066	103.578918140647	110.88037335416	120.547654825926	108.771880394923	105	109.68538458385	117.501033086491	111.344844021162	133.699421080539	125	127.874121706023	131.088703383435
W10001_0031/PHB47	NA	86.5573151583103	97.453091686697	NA	NA	NA	113.280883486569	110	NA	101.872323649585	130.829086430883	NA	135	148.125878304554	140.313475260478
W10001_0033/PHB47	NA	NA	99.359408036537	NA	NA	119.743589159328	NA	NA	NA	118.034153637201	133.667837467578	119.992051987653	118	NA	NA
W10001_0047/PHB47	NA	78.8705491723749	NA	80.9998640775584	99.1665862133804	NA	114.92900336984	90	NA	NA	NA	NA	133	115.874121732249	151.628476312856
W10002_0001/PHB47	NA	NA	NA	101.567865689418	NA	121.003228273038	NA	NA	128.634430185594	NA	137.072101403408	107.425198071522	125	NA	NA
W10002_0002/PHB47	NA	88.0891242071353	NA	NA	NA	NA	100.771292284159	NA	NA	NA	112.174495535279	NA	113	137.874121454381	130.620086423538
W10005_0029/PHB47	NA	88.0584678478878	NA	106.020177066099	106.041107691105	107.027405747025	113.581016809831	NA	116.238123052776	NA	120.841374785145	111.372470404935	125	141.500000019322	144.571029747325
W10005_0037/PHB47	NA	91.7216194815351	NA	NA	87.7280812432244	126.445605688479	103.771292284159	110	112.462258431557	NA	119.508818724781	131.372470404935	118	143.125878304554	145.313475260478
W10005_0107/PHB47	NA	88.1041118568276	69.4016726494688	91.613638666829	108.502950861941	113.763033817202	121.72409166645	100	105.080829550005	101.606758338732	114.413124475962	106.176507934969	NA	NA	125.36158050871
W10005_0111/PHB47	80	75.8412889313165	74.359408036537	NA	118.505480889425	96.5291499059357	NA	110	108.727415350605	111.347382824495	NA	104.963281516868	NA	NA	127.061608417512
W10005_0147/PHB47	NA	84.7444222729615	NA	86.8352113766441	102.104940949168	102.519625858772	94.8619484848461	95	109.512841348986	NA	104.413124475962	115.004731393801	NA	128.125878333997	138.857570052378
W10005_0220/PHB47	NA	95.6379954383598	NA	NA	98.9400824592781	107.300547481039	130.771880394923	100	NA	NA	121.667837467578	107.919236833261	132	136.874121533046	146.914696770774
W10006_0003/PHB47	NA	123.732142953782	NA	127.086802160293	114.044941632639	128.133910203856	118.942943888731	150	148.809584000523	NA	145.174495535279	149.992051987653	143	147.874121631039	154.968916485644
W10006_0004/PHB47	NA	NA	NA	99.0458220030662	129.041107691105	128.575181659007	107.538624175558	110	NA	NA	120.195194711291	123.040643180781	140	160.125878304554	166.914696770774
W10008_0001/PHB47	NA	108.967277303484	103.43605043778	113.059910042556	113.940082459278	NA	NA	120	128.567277529727	133.380310676196	127.068118580911	129.992051987653	138	NA	171.451553558159
W10008_0017/PHB47	NA	NA	69.4016726494688	95.8352113766441	101.041107691105	NA	NA	100	NA	104.22245508312	116.859125881458	NA	105	122.874121704646	NA
W10008_0018/PHB47	75	92.7321429537815	91.0360436174046	NA	NA	114.300547481039	109.855858208661	NA	NA	120.781608120056	NA	119.442923220325	NA	NA	NA
W10008_0037/PHB47	NA	NA	NA	81.2349413327496	NA	108.955630814793	97.3061754110009	NA	NA	NA	NA	NA	122	129.125878367584	136.968916485644
W10008_0042/PHB47	NA	NA	NA	NA	NA	NA	108.678247718005	100	114.926712938849	NA	NA	101.372470404935	NA	NA	NA
W10008_0059/PHB47	80	82.9315293876126	79.4669979688923	91.0117708535718	NA	NA	106.538624175558	NA	NA	114.142771752904	134.174495535279	NA	NA	NA	140.73245262579
W10008_0063/PHB47	NA	NA	NA	115.701037293032	NA	NA	135.637515916068	NA	131.127388477254	NA	NA	NA	128	131.125878367584	NA
W10008_0069/PHB47	NA	115.344280831178	108.778388408007	130.985891267349	104.308601498248	123.769325615347	109.548377370484	115	133.274006290728	108.187705535785	144.935959380457	126.501050105744	132.5	157.874121706023	158.714459823419
W10008_0092/PHB47	NA	NA	NA	104.011770853572	NA	93.0032282730385	NA	NA	NA	NA	NA	120.566539567277	NA	116.125878349182	129.061608417512
W10008_0099/PHB47	80	102.559620537465	89.6158108630188	90.2290790931573	NA	NA	115.563747827509	NA	NA	113.0299391594	NA	NA	145	136.125878333997	NA
W10008_0119/PHB47	80	NA	91.3496789224309	109.045822003066	NA	122.782478475076	NA	120	109.926712938849	125.589604935155	120.087056222694	113.040643180781	142	125.125878389666	NA
W37A/PHB47	NA	76.5596205374652	NA	108.086802160293	93.1649402656959	NA	86.2341854195163	100	95.0454404457733	NA	121.068118580911	NA	NA	135.874121450237	131.061608417512
