line_code	GAH1_15	OHH1_15	DEH1_15	INH1_15	ILH1_15	TXH1_15	SDH1_15	MNH1_15	MOH2_15	NYH3_15	MOH1_15	TXH2_15	ONH2_15	NYH2_15	ONH1_15
B118/PHB47	NA	61.017099359704	62.3530635523686	NA	NA	NA	NA	NA	NA	72.5398990892994	NA	73.8903380883713	78.3193534346014	NA	83.2797930693704
B97/PHB47	55	59.8338870211679	61.8187796143221	64.8370338444703	65.7129595788838	64	67.4999999999994	72.00000001892	71.1585942311281	68.1116415473637	74.9795213766213	71.4999999985734	77.4814307233976	84.1471405190899	83.3799999657249
CG106/PHB47	NA	59.017099359704	NA	NA	NA	NA	62.9999999999994	66.9764746461227	NA	71.7958547117099	NA	NA	73.9705650465373	77.2806217407528	79.7749915616116
CG108/PHB47	NA	59.5369972929843	NA	NA	NA	NA	64.4999999999994	NA	NA	70.3531249967044	NA	NA	NA	73.0104432078776	80.4511309618519
CG110/PHB47	NA	NA	NA	NA	NA	NA	64.4999999999994	65.9764746627402	NA	67.1116415473637	NA	NA	72.5057134703163	73.8671326171397	83.2724843822521
CG111/PHB47	NA	NA	NA	NA	NA	NA	62.8843961708809	67.0235253797051	NA	70.9370145578121	NA	NA	72.3070189292258	73.1378183814343	80.4225823288692
CG122/PHB47	NA	NA	NA	NA	NA	NA	66.1156038291178	65.9764746461227	NA	67.3531249967044	NA	NA	72.6760400329935	73.5848506850527	82.6528820793793
CG123/PHB47	NA	NA	NA	NA	NA	NA	66.8843961708809	67.9764746674564	NA	67.3531249967044	NA	NA	71.6615703364466	76.5029758509866	79.5058008862858
CG124/PHB47	NA	59.0173153244095	NA	NA	NA	NA	65.8843961708809	74.0235253584824	NA	68.6781183367456	NA	NA	71.6811738165915	75.5238013736449	80.8364890659129
CG125/PHB47	NA	NA	NA	NA	NA	NA	67.1156038291178	65.9764746627402	NA	69.6781183367456	NA	NA	73.3302868409736	75.3884922043104	80.8364890659129
CG126/PHB47	NA	NA	NA	NA	NA	NA	62.884396170881	66.0235253137898	NA	68.0757166673862	NA	NA	69.6615703364466	73.5848506850527	80.2651756951337
CG127/PHB47	NA	NA	NA	NA	64.8881956603428	NA	65.4999999999994	66.9764746438756	NA	68.6955130578827	NA	NA	72.9707450040076	78.2546695158592	80.4012448226082
CG60/PHB47	NA	NA	NA	NA	NA	NA	NA	73.9764746674564	NA	70.0137359530392	NA	NA	73.0013956479821	75.9057888338693	80.4220502047128
CGR03/PHB47	NA	NA	NA	NA	NA	NA	70.1156038291178	71.9764746674564	NA	72.4260422229424	NA	NA	75.6855977886447	80.5029758509866	84.4633111725191
CML228/PHB47	NA	NA	67.3040253578089	74.8468541943765	NA	NA	NA	NA	76.9769990095734	NA	80.3126301789675	NA	NA	NA	NA
GT601/PHB47	61	NA	NA	NA	NA	69.5	NA	NA	73.7409491491835	NA	NA	77.4999999999996	NA	NA	NA
H95/PHB47	58	NA	NA	69.0780184917922	NA	70	NA	NA	72.9769990095734	NA	NA	76.499999972901	NA	NA	NA
KY21/PHB47	63	NA	NA	NA	74.7398647615039	73.5	NA	NA	78.617344116782	NA	NA	79.5000000320027	NA	NA	NA
LH162/PHB47	NA	58.1847890221092	61.0699377842939	NA	NA	NA	NA	NA	67.0663016682174	NA	70.8823638222316	NA	NA	NA	NA
LH38/PHB47	54	59.0481839164996	NA	63.6959528026383	NA	66	66.8843961708809	67.9764746461227	72.9024898183752	NA	NA	72.0000000576752	75.5031465785173	77.4822490989533	NA
LH51/PHB47	NA	NA	NA	NA	69.2225968474263	NA	71.4999999999994	74.5000000082532	NA	NA	NA	NA	78.9867205196094	81.8978930465161	NA
LH57/PHB47	NA	NA	NA	67.2456008620967	NA	NA	67.4999999999994	68.9999999693449	NA	NA	NA	NA	74.474131448324	76.4755915314048	NA
LH61/PHB47	NA	61.017099359704	59.4437855125375	NA	NA	NA	NA	NA	NA	NA	72.5309974876055	NA	73.5120767452699	77.887480285187	NA
LH82_PH207-10/PHB47	NA	62.1202583598403	NA	NA	NA	NA	66.8843961708809	70.0235253584824	NA	73.2484496623446	NA	NA	NA	NA	80.0441822369375
LH82_PH207-11/PHB47	NA	60.1202583598403	61.3534839050441	64.0780184917922	64.2225968474263	NA	67.1156038291178	66.023525292567	NA	71.5398990892994	NA	NA	NA	NA	NA
LH82_PH207-12/PHB47	NA	61.6080271799235	NA	62.4218181493698	64.2225968474263	NA	67.8843961708809	75.0235253278273	NA	71.0757166673862	NA	NA	NA	NA	NA
LH82_PH207-13/PHB47	NA	61.083505863756	61.3530635523686	64.6959528026383	65.5851889126969	NA	69.1156038291178	66.9764746627402	NA	69.4395969819808	NA	NA	NA	NA	85.2563452650357
LH82_PH207-14/PHB47	NA	NA	60.796575091131	NA	64.7398647615039	NA	68.1156038291178	NA	NA	69.487572816779	NA	NA	NA	NA	83.0441822369375
LH82_PH207-15/PHB47	NA	62.3597093878821	NA	66.6959528026383	67.5971943022399	NA	68.1156038291178	70.9764746531969	NA	77.6781183367456	NA	NA	NA	NA	82.6528820793793
LH82_PH207-16/PHB47	NA	59.6033158117317	59.7244492680813	63.4218181493698	63.852958429307	NA	NA	64.9764746579131	NA	70.7092284035124	NA	NA	NA	NA	80.3775086696742
LH82_PH207-17/PHB47	NA	NA	60.64517620541	NA	NA	NA	66.1156038291178	75.0235253278273	NA	66.0925664145229	NA	NA	NA	NA	84.5351191005433
LH82_PH207-18/PHB47	NA	60.487594940369	NA	64.0561095831746	64.9648004020774	NA	67.8843961708809	73.9764746531969	NA	72.5398990892994	NA	NA	NA	NA	83.2797930693704
LH82_PH207-19/PHB47	NA	NA	60.796575091131	65.0561095831746	65.6671762835072	NA	66.8843961708809	NA	NA	70.8062371285301	NA	NA	NA	NA	83.3775086696742
LH82_PH207-2/PHB47	NA	60.9744110726841	60.64517620541	64.2456008620967	64.7326018740125	NA	66.8843961708809	72.9764746627402	NA	72.4540115579532	NA	NA	NA	NA	NA
LH82_PH207-22/PHB47	NA	58.4952868523105	61.0699377842939	63.1538940750646	63.8287248555276	NA	67.1156038291178	65.9764746627402	NA	69.8062371285301	NA	NA	NA	NA	83.5643073400551
LH82_PH207-23/PHB47	NA	61.083505863756	61.7370671615721	67.2456008620967	65.852958429307	NA	68.1156038291178	76.0235253703837	NA	72.6455070097887	NA	NA	NA	NA	81.7761150276536
LH82_PH207-24/PHB47	NA	NA	NA	64.7820893231977	NA	NA	69.8843961708809	72.023525349161	NA	71.6781183367456	NA	NA	NA	NA	83.5058008862858
LH82_PH207-25/PHB47	NA	61.1847890221092	60.796575091131	63.6959528026383	65.5851889126969	NA	NA	72.0235253797051	NA	72.4540115579532	NA	NA	NA	NA	82.4633111725191
LH82_PH207-4/PHB47	NA	60.017099359704	61.3534839050441	65.7694469244468	NA	NA	66.1156038291178	73.023525292567	NA	70.4540115579532	NA	NA	NA	NA	83.5351191005433
LH82_PH207-5/PHB47	NA	58.8238990609796	NA	63.7694469244468	65.2757061011223	NA	68.1156038291178	72.9764746674564	NA	70.9370145578121	NA	NA	NA	NA	NA
LH82_PH207-6/PHB47	NA	NA	61.0699377842939	67.6454970003382	65.072147828153	NA	67.1156038291178	70.0235253703837	NA	NA	NA	NA	NA	NA	83.8364890659129
LH82_PH207-7/PHB47	NA	60.420661898713	61.3530635523686	64.5484727215067	64.238664704723	NA	67.1156038291178	67.0235253137898	NA	72.487572816779	NA	NA	NA	NA	81.2966887589307
LH82_PH207-8/PHB47	NA	59.884882152932	NA	NA	NA	NA	NA	71.9764746674564	NA	70.4395969819808	NA	NA	NA	NA	80.3775086696742
LH82_PH207-9/PHB47	NA	58.083505863756	NA	NA	62.2844476882588	NA	68.1156038291178	67.9764747050747	NA	NA	NA	NA	NA	NA	80.0441822369375
LH82_PHG47-1/PHB47	NA	NA	NA	NA	NA	NA	63.1156038291178	72.0235253537662	NA	68.4260422229424	NA	NA	72.3302868409736	81.9057888338694	80.5058008862857
LH82_PHG47-10/PHB47	NA	57.8238990609796	NA	NA	65.1585752298681	NA	61.8843961708809	71.0235253278273	NA	70.6572926213062	NA	NA	74.2878432505741	79.8241063200067	81.2966887589307
LH82_PHG47-11/PHB47	NA	59.884882152932	NA	NA	64.072147828153	NA	67.8843961708809	75.976474627369	NA	67.0925664145229	NA	NA	74.2670890800566	75.5848506850527	83.3713135885946
LH82_PHG47-12/PHB47	NA	58.9744110726841	NA	NA	64.7013339203077	NA	66.8843961708809	NA	NA	71.0366095217381	NA	NA	74.3070189292258	77.5238013736449	80.6573842702559
LH82_PHG47-13/PHB47	NA	59.1202583598403	NA	NA	64.8287248555276	NA	63.1156038291178	66.0235253703837	NA	67.7793295349317	NA	NA	73.2654499750218	NA	82.2797930693704
LH82_PHG47-14/PHB47	NA	60.156717453007	NA	NA	66.8881956603428	NA	NA	71.9764746674564	NA	74.0366095217381	NA	NA	75.3302531240411	77.5238013736449	82.7761150276536
LH82_PHG47-15/PHB47	NA	60.8238990609796	NA	NA	64.8287248555276	NA	73.1156038291178	73.0235253278273	NA	69.3531249967044	NA	NA	NA	80.9971280727805	NA
LH82_PHG47-16/PHB47	NA	NA	NA	NA	NA	NA	66.8843961708809	NA	NA	72.7092284035124	NA	NA	73.6835906718798	NA	80.5643073400551
LH82_PHG47-17/PHB47	NA	61.6253914245108	NA	NA	66.4054464819926	NA	70.1156038291178	70.9764746531969	NA	73.8062371285301	NA	NA	NA	79.3884922043104	84.2651756951337
LH82_PHG47-18/PHB47	NA	58.1202583598403	NA	NA	62.2757061011223	NA	66.8843961708809	77.0235253137898	NA	66.499143008897	NA	NA	71.7712356124507	75.6415808386562	NA
LH82_PHG47-19/PHB47	NA	58.6080271799235	NA	NA	63.5971943022399	NA	NA	67.9764746579131	NA	NA	NA	NA	73.6615703364466	75.824367322699	81.3775086696742
LH82_PHG47-2/PHB47	NA	59.884882152932	NA	NA	64.1585752298681	NA	67.1156038291178	74.023525320864	NA	68.3531249967044	NA	NA	NA	NA	80.770952974497
LH82_PHG47-20/PHB47	NA	NA	NA	NA	64.7398647615039	NA	65.8843961708809	71.0235253537662	NA	68.4395969819808	NA	NA	72.6855977886447	76.5029758509866	80.8364890659129
LH82_PHG47-21/PHB47	NA	59.884882152932	NA	NA	NA	NA	70.8843961708809	68.976474627369	NA	72.487572816779	NA	NA	75.2878432505741	80.824367322699	80.4225823288692
LH82_PHG47-22/PHB47	NA	59.9744110726841	NA	NA	65.7013339203077	NA	70.1156038291178	NA	NA	73.7092284035124	NA	NA	NA	NA	84.2651756951337
LH82_PHG47-23/PHB47	NA	58.1847890221092	NA	NA	64.4054464819926	NA	65.8843961708809	62.9764746438756	NA	NA	NA	NA	73.3302868409736	77.6415808386562	80.5058008862857
LH82_PHG47-24/PHB47	NA	58.9744110726841	NA	NA	65.6051961753792	NA	69.1156038291178	67.9764746627402	NA	72.6455070097887	NA	NA	73.2878432505741	77.824367322699	84.0441822369375
LH82_PHG47-3/PHB47	NA	NA	NA	NA	NA	NA	67.1156038291178	69.023525292567	NA	69.3508533541974	NA	NA	74.6835906718798	79.3884922043104	81.2563452650357
LH82_PHG47-4/PHB47	NA	57.6253914245108	NA	NA	62.1585752298681	NA	67.8843961708809	71.0235253137898	NA	67.3531249967044	NA	NA	73.3302868409736	75.3884922043104	83.5643073400551
LH82_PHG47-5/PHB47	NA	58.9744110726841	NA	NA	64.2225968474263	NA	66.8843961708809	70.0235253797051	NA	71.0366095217381	NA	NA	NA	80.8196376554856	83.6573842702559
LH82_PHG47-6/PHB47	NA	61.3597093878821	NA	NA	NA	NA	62.1156038291178	72.9764746674564	NA	NA	NA	NA	75.3302868409736	NA	83.3713135885946
LH82_PHG47-7/PHB47	NA	58.8238990609796	NA	NA	NA	NA	67.1156038291178	71.9764746579131	NA	72.4260422229424	NA	NA	73.6855977886447	77.8196376554856	80.0441822369376
LH82_PHG47-8/PHB47	NA	NA	NA	NA	66.2844476882588	NA	69.1156038291178	72.976474627369	NA	69.0925664145229	NA	NA	76.6835906718798	NA	80.4225823288692
LH82_PHG47-9/PHB47	NA	58.9744110726841	NA	NA	62.8287248555276	NA	66.8843961708809	72.023525349161	NA	68.6455070097887	NA	NA	72.6615703364466	75.5238013736449	80.6528820793793
MO44_LH145_0127/PHB47	NA	58.8238990609796	60.4437855125375	NA	NA	NA	67.4999999999994	71.499999988265	68.0075088114021	70.7793295349317	71.7768566394805	NA	72.9660464188747	78.6852650744308	83.5351191005433
MO44_PHG47_0072/PHB47	NA	62.2523471500365	61.3040253578089	66.5697409928758	66.8287248555276	NA	67.1156038291178	75.0000000117903	NA	73.8729189626253	75.7753188523941	NA	76.516398397539	80.8196376554856	82.5364018932921
MOG_LH123HT-031-1-1-1-1-B/PHB47	NA	NA	62.1109303743627	NA	NA	69.5	NA	NA	75.1341363219192	NA	75.8960739721053	NA	NA	NA	NA
NC258/PHB47	63	NA	NA	70.4218181493698	NA	71	NA	NA	76.0578437863596	NA	NA	78.5000000313771	NA	NA	NA
NYH-029/PHB47	NA	NA	NA	NA	NA	NA	67.1156038291178	74.0235253584824	NA	69.9370145578121	NA	NA	78.2705225013028	80.5029758509866	84.7761150276536
NYH-052/PHB47	NA	NA	NA	NA	NA	NA	72.1156038291178	74.9764746674564	NA	72.6572926213062	NA	NA	77.2670890800566	79.9057888338694	87.9093121375375
NYH-055/PHB47	NA	NA	NA	NA	NA	NA	69.1156038291178	67.9764747050747	NA	69.3531249967044	NA	NA	75.2992960222251	82.6852327117118	83.8364890659129
NYH-061/PHB47	NA	NA	NA	NA	NA	NA	67.8843961708809	71.9764746674564	NA	68.7836861127465	NA	NA	77.2795597566279	79.9057888338694	83.3713135885946
NYH-081/PHB47	NA	NA	NA	NA	NA	NA	70.8843961708809	68.0235253797051	NA	77.7836861127465	NA	NA	72.3193534346014	76.5029758509866	84.2966887589307
NYH-128/PHB47	NA	NA	NA	NA	NA	NA	73.1156038291178	72.023525320864	NA	69.6455070097887	NA	NA	76.3302531240411	78.9971280727805	84.6475935091259
NYH-129/PHB47	NA	NA	NA	NA	NA	NA	67.8843961708809	72.9764746627402	NA	67.0925664145229	NA	NA	75.2654499750218	NA	84.2651756951337
NYH-167/PHB47	NA	NA	NA	NA	NA	NA	67.8843961708809	71.9764746674564	NA	76.8062371285301	NA	NA	75.2878432505741	77.737137161499	87.3775086696742
NYH-211/PHB47	NA	NA	NA	NA	NA	NA	71.8843961708809	77.0235253797051	NA	73.6455070097887	NA	NA	78.2992960222251	NA	83.2797930693704
NYH-229/PHB47	NA	NA	NA	NA	NA	NA	67.8843961708809	74.0235253584824	NA	74.3508533541974	NA	NA	75.2705225013028	79.6415808386562	82.770952974497
NYH-240/PHB47	NA	NA	NA	NA	NA	NA	67.1156038291178	74.0235253703837	NA	73.8062371285301	NA	NA	75.2705225013028	80.6852327117118	83.9093121375374
NYH-244/PHB47	NA	NA	NA	NA	NA	NA	66.8843961708809	73.9764746438756	NA	72.2484496623446	NA	NA	71.6939003664987	79.0104432078776	82.9093121375375
NYH-245/PHB47	NA	NA	NA	NA	NA	NA	69.8843961708809	75.9764746720616	NA	72.4540115579532	NA	NA	77.6615703364466	79.9854057670962	86.5351191005433
NYH-250/PHB47	NA	NA	NA	NA	NA	NA	71.1156038291178	72.9764746720616	NA	72.6572926213062	NA	NA	77.6835906718798	78.4647413149922	83.2966887589307
NYH-251/PHB47	NA	NA	NA	NA	NA	NA	66.8843961708809	72.0235253278273	NA	71.9370145578121	NA	NA	78.2670890800566	76.9057888338693	86.3775086696742
NYH-258/PHB47	NA	NA	NA	NA	NA	NA	65.1156038291178	70.0235253278273	NA	68.4395969819808	NA	NA	76.6957723667385	79.5848506850527	84.2651756951337
NYH-269/PHB47	NA	NA	NA	NA	NA	NA	73.8843961708809	71.9764746674564	NA	72.0757166673862	NA	NA	76.2654499750218	79.6415808386562	84.0441822369375
OH43/PHB47	NA	NA	NA	NA	67.5971943022399	NA	69.8843961708809	NA	NA	69.4540115579532	NA	NA	74.7810027328434	78.0104432078776	83.9093121375374
PH207_PHG47-1/PHB47	NA	NA	NA	67.0685472120159	66.7398647615039	NA	65.1156038291178	NA	NA	70.7092284035124	75.7645220374767	NA	73.7712356124507	77.5029758509866	83.4225823288692
PH207_PHG47-10/PHB47	NA	NA	NA	65.7632393421	67.5971943022399	NA	NA	66.976474627369	NA	71.7793295349317	73.7541391704507	NA	NA	NA	82.2563452650357
PH207_PHG47-11/PHB47	NA	NA	NA	66.5484727215067	NA	NA	67.1156038291178	68.023525320864	NA	NA	NA	NA	73.6760400329935	81.1378183814343	NA
PH207_PHG47-12/PHB47	NA	NA	NA	NA	70.072147828153	NA	NA	73.9764746579131	NA	72.3531249967044	74.9611573322134	NA	78.3070189292258	NA	84.770952974497
PH207_PHG47-13/PHB47	NA	NA	NA	65.5484727215067	67.238664704723	NA	NA	NA	NA	74.0757166673862	72.5309974876055	NA	75.6760400329935	81.5029758509866	NA
PH207_PHG47-15/PHB47	NA	NA	NA	NA	66.2225968474263	NA	68.1156038291178	72.0235253301854	NA	72.0757166673862	71.8960739721053	NA	74.6855977886447	78.5238013736449	81.5351191005433
PH207_PHG47-16/PHB47	NA	NA	NA	61.9584892846807	62.852958429307	NA	NA	64.9764747050747	NA	69.0925664145229	71.8823638222316	NA	72.6811738165915	NA	NA
PH207_PHG47-18/PHB47	NA	NA	NA	62.7694469244468	64.072147828153	NA	66.1156038291178	76.0235253797051	NA	71.7092284035124	72.157897452959	NA	74.3302531240411	77.9911969740347	82.2563452650357
PH207_PHG47-2/PHB47	NA	NA	NA	63.6959528026383	65.2757061011223	NA	67.8843961708809	72.0235253278273	NA	73.499143008897	73.3911690600559	NA	73.6939003664987	NA	81.6475935091259
PH207_PHG47-20/PHB47	NA	NA	NA	NA	63.7398647615039	NA	NA	NA	NA	67.7836861127465	73.2671032951004	NA	NA	NA	78.770952974497
PH207_PHG47-22/PHB47	NA	NA	NA	65.0833724025769	65.072147828153	NA	71.1156038291178	71.9764746720616	NA	NA	NA	NA	75.3070189292258	79.4647413149922	80.6573842702559
PH207_PHG47-23/PHB47	NA	NA	NA	NA	65.585188912697	NA	67.1156038291178	NA	NA	73.3508533541974	73.7541391704507	NA	NA	79.5848506850527	83.5643073400551
PH207_PHG47-24/PHB47	NA	NA	NA	65.0833724025769	66.7772023813748	NA	NA	71.9764746531969	NA	NA	71.157897452959	NA	75.2670890800566	76.0104432078776	NA
PH207_PHG47-25/PHB47	NA	NA	NA	63.6804022055217	NA	NA	66.8843961708809	65.9764746461227	NA	70.6572926213062	NA	NA	NA	76.9911969740347	80.9093121375374
PH207_PHG47-3/PHB47	NA	NA	NA	64.0561095831746	66.6051961753792	NA	66.8843961708809	68.0235253703837	NA	71.7092284035124	73.8467299152157	NA	73.3302868409736	NA	82.2563452650357
PH207_PHG47-6/PHB47	NA	NA	NA	67.0561095831746	69.7013339203077	NA	72.1156038291178	NA	NA	73.0757166673862	73.8960739721053	NA	77.2705225013028	80.5029758509866	NA
PH207_PHG47-7/PHB47	NA	NA	NA	64.0780184917922	64.238664704723	NA	NA	68.023525349161	NA	NA	72.157897452959	NA	72.6615703364466	78.2719847193874	NA
PH207_PHG47-8/PHB47	NA	NA	NA	66.4218181493698	65.8881956603428	NA	66.8843961708809	72.0235253537662	NA	68.4260422229424	73.7964985343375	NA	73.2670890800566	NA	80.6573842702559
PHG47/PHB47	NA	NA	NA	NA	NA	NA	NA	66.5000000094322	NA	69.493357912838	NA	NA	72.5401493775342	75.3478379597947	80.303721020205
PHG72/PHB47	NA	62.1847890221092	62.7370671615721	65.8356255246887	64.6671762835072	NA	67.8843961708809	68.023525292567	NA	74.487572816779	72.8960739721053	NA	78.2878432505741	80.9854057670962	87.9093121375375
PHKE6/PHB47	54	NA	NA	NA	NA	66.5	66.4999999999994	NA	NA	70.1229170552554	73.1625442189051	NA	NA	NA	82.640312863066
PHM81/PHB47	NA	59.156717453007	57.1472579947708	NA	60.7398647615039	NA	NA	64.0235253301854	NA	NA	69.1625442189051	NA	NA	73.6852327117118	NA
PHN11_LH145_0003/PHB47	NA	NA	NA	NA	65.7326018740125	NA	65.1156038291178	70.0235253301854	NA	NA	72.8823638222316	NA	76.7810027328434	80.9854057670962	NA
PHN11_LH145_0028/PHB47	NA	61.3597093878821	60.4903012338734	64.0561095831746	NA	NA	66.8843961708809	68.0235253797051	NA	69.499143008897	NA	NA	NA	NA	82.9093121375375
PHN11_LH145_0085/PHB47	NA	61.6253914245108	60.6507596120301	66.0780184917922	NA	NA	68.8843961708809	NA	NA	71.499143008897	74.7645220374767	NA	NA	77.8196376554856	83.2797930693704
PHN11_OH43_0001/PHB47	NA	60.420661898713	NA	NA	NA	NA	64.9999999999994	70.0000000129694	NA	71.0588576593632	NA	NA	75.9815752142539	79.5106201668701	82.9101486322956
PHN11_OH43_0036/PHB47	NA	60.156717453007	63.7370671615721	65.6454970003382	65.2844476882588	NA	NA	72.9764746438756	NA	71.2484496623446	78.8467299152157	NA	NA	NA	83.3713135885946
PHN11_OH43_0075/PHB47	NA	NA	NA	NA	NA	NA	66.8843961708809	NA	NA	71.0366095217381	71.2882495100249	NA	76.7810027328434	83.8196376554856	83.2966887589307
PHN11_OH43_0088/PHB47	NA	62.2524551323893	63.7605121796062	68.0462275282366	68.219073671002	NA	NA	75.9764746674564	NA	75.1513998155475	75.9372416302646	NA	77.6855977886447	80.737137161499	86.5643073400551
PHN11_OH43_0184/PHB47	NA	60.3597093878821	61.1622653913858	NA	NA	NA	NA	71.0235253584824	NA	68.7793295349317	NA	NA	76.7810027328434	NA	NA
PHN11_OH43_0215/PHB47	NA	NA	NA	NA	NA	NA	72.1156038291178	71.9764746461227	NA	NA	72.0406141843667	NA	78.6835906718798	81.7492556143527	NA
PHN11_PHG47_0048/PHB47	NA	NA	62.2483652054633	NA	NA	NA	NA	NA	NA	71.4540115579532	76.7541391704507	NA	NA	NA	83.7761150276536
PHN11_PHG47_0251/PHB47	NA	60.4958631985468	60.5444808589737	66.7726643326489	65.5085247811356	NA	NA	NA	NA	71.9981801819931	72.875408720422	NA	76.2654499750218	NA	82.4633111725191
PHN11_PHG47_0287/PHB47	NA	NA	60.64517620541	65.4809868078779	NA	NA	NA	77.0235253137898	NA	NA	NA	NA	NA	78.5848506850527	NA
PHN11_PHG47_0388/PHB47	NA	NA	NA	NA	NA	NA	67.1156038291178	69.9764746531969	NA	72.3508533541974	70.9611573322134	NA	77.7810027328434	NA	85.2563452650357
PHN11_PHG47_0390/PHB47	NA	61.6080271799235	NA	NA	NA	NA	NA	74.9764747050747	NA	75.9370145578121	NA	NA	NA	NA	83.2797930693704
PHN11_PHW65_0015/PHB47	NA	61.5161420726474	60.9175412395464	64.205765603449	66.8122870038248	NA	NA	75.000000003537	69.0578437863596	69.2484496623446	70.7135357298554	NA	NA	79.9540549900291	NA
PHN11_PHW65_0065/PHB47	NA	63.6253914245108	62.6507596120301	NA	68.8881956603428	NA	NA	NA	NA	NA	NA	NA	78.2705225013028	82.2719847193874	NA
PHN11_PHW65_0237/PHB47	NA	62.3597093878821	61.4903012338734	66.6804022055217	67.5971943022399	NA	NA	78.023525292567	NA	NA	72.5309974876055	NA	NA	NA	NA
PHN11_PHW65_0294/PHB47	NA	60.3597093878821	60.7032268325884	NA	65.2844476882588	NA	NA	72.0235253797051	NA	NA	NA	NA	77.3193534346014	NA	NA
PHN11_PHW65_0323/PHB47	NA	62.4952868523105	61.3530635523686	67.1538940750646	69.238664704723	NA	73.1156038291178	71.9764747050747	70.9511148686614	75.6572926213062	78.8467299152157	NA	78.6939003664987	82.5238013736449	85.770952974497
PHN11_PHW65_0359/PHB47	NA	61.0173153244095	NA	66.4809868078779	66.2844476882588	NA	NA	76.0235253537662	NA	NA	NA	NA	75.7134433604766	NA	NA
PHP02/PHB47	56	62.3884344167039	61.4025096791855	65.1050018291196	64.8881956603428	65.5	66.1156038291178	71.0000000188091	69.8727355726343	70.1166705464425	71.8547434687388	72.4999999999996	74.4777998948107	77.2719847193874	82.9788507147062
PHR25/PHB47	54	NA	NA	NA	NA	64.5	NA	73.0235253137898	NA	NA	NA	73.0000000114096	NA	NA	NA
PHW65_MOG_0137/PHB47	NA	63.5369972929843	62.5566541529077	68.7155784042598	NA	NA	NA	NA	NA	NA	72.9611573322134	NA	NA	NA	NA
PHZ51/PHB47	58	61.4952868523105	63.6507596120301	67.1538940750646	NA	68.5	NA	NA	71.9024898183752	NA	74.3126301789675	74.4999999999996	NA	NA	NA
Q381/PHB47	NA	63.420661898713	60.7032268325884	65.7820893231977	NA	NA	NA	NA	70.7224003970263	72.0366095217381	72.2671032951004	74.1096618374632	76.2654499750218	NA	83.0441822369375
SD101/PHB47	NA	NA	62.4437855125375	NA	NA	NA	73.4999999999994	NA	NA	71.6166705464425	NA	NA	78.4758481589471	81.6069984646725	85.2882409141506
TX204/PHB47	58	61.156717453007	64.0402624892626	NA	NA	68	NA	NA	72.3976286899252	NA	77.2671032951004	76.0000000348552	NA	NA	NA
TX205/PHB47	59.5	NA	NA	NA	69.238664704723	69	NA	NA	73.162002011945	NA	73.8960739721053	74.4999999537341	NA	NA	NA
TX303/PHB47	63	NA	NA	NA	74.7772023813748	72	77.8843961708809	75.0235253137898	76.9511148686614	86.9370145578121	76.5309974876055	78.4999999857372	82.2992960222251	85.9540549900291	90.3671428231606
W10001_0003/PHB47	56	NA	62.2483652054633	63.8356255246887	NA	67.5	NA	74.0235253278273	70.5373292853597	NA	70.5309974876055	73.999999972901	74.2654499750218	NA	NA
W10001_0006/PHB47	54	58.9744110726841	NA	NA	65.4054464819926	64.5	NA	NA	69.9769990095734	68.8062371285301	NA	NA	NA	75.9540549900291	80.770952974497
W10001_0007/PHB47	54	NA	62.6507596120301	65.1538940750646	NA	66.5	69.8843961708809	72.9764746720616	71.9511148686614	72.5398990892994	74.5309974876055	73.5000000063303	NA	82.9854057670962	NA
W10001_0009/PHB47	NA	NA	NA	NA	63.6671762835072	NA	NA	NA	67.8963653484825	NA	NA	NA	76.7810027328434	NA	81.2651756951337
W10001_0012/PHB47	NA	62.083505863756	61.0699377842939	NA	NA	NA	66.8843961708809	NA	69.0764031308263	NA	NA	NA	74.6811738165915	79.9911969740347	80.8364890659129
W10001_0013/PHB47	NA	NA	NA	63.6454970003382	NA	NA	NA	67.976474627369	70.9445690130074	69.0925664145229	70.5309974876055	NA	74.6811738165915	80.5238013736449	NA
W10001_0014/PHB47	NA	NA	63.4903012338734	62.4218181493698	NA	NA	68.1156038291178	74.0235253301854	68.4330038481533	NA	NA	NA	NA	NA	80.2966887589307
W10001_0018/PHB47	NA	NA	NA	NA	NA	NA	68.8843961708809	67.9764746579131	NA	69.6455070097887	74.718094568849	NA	73.6855977886447	77.9540549900291	NA
W10001_0019/PHB47	NA	61.487594940369	60.6437786443742	62.5484727215067	64.7326018740125	NA	64.1156038291178	NA	69.4330038481533	71.499143008897	NA	NA	74.6855977886447	77.4647413149922	80.3671428231606
W10001_0022/PHB47	56	62.2770483263441	61.6591514948786	64.8970574046847	66.246695917861	65.5	66.8843961708809	70.4999999964628	68.8963653484825	75.0925664145229	73.1828390113524	73.0000000213934	76.2795597566279	80.5848506850527	87.0441822369376
W10001_0031/PHB47	NA	NA	NA	69.0685472120159	NA	NA	66.1156038291178	72.9764746579131	71.4330038481533	71.5398990892994	NA	NA	76.7712356124507	NA	83.3713135885946
W10001_0047/PHB47	NA	62.884882152932	NA	66.0561095831746	NA	NA	75.1156038291178	NA	NA	72.3508533541974	77.288249510025	NA	78.3302531240411	84.6415808386562	83.2966887589307
W10002_0001/PHB47	NA	NA	61.1622653913858	NA	65.4054464819926	NA	63.1156038291178	76.0235253584824	NA	NA	NA	NA	NA	79.5238013736449	83.2797930693704
W10002_0002/PHB47	NA	NA	NA	64.4809868078779	NA	NA	NA	74.023525349161	NA	68.2484496623446	NA	NA	74.3302868409736	NA	82.6528820793793
W10005_0029/PHB47	NA	61.487594940369	61.3040253578089	66.8085099667613	65.1274677947651	NA	66.9999999999994	72.0000000271178	NA	72.3231214806623	72.1761631961347	NA	75.5102311448512	79.4457340276485	84.0962516853996
W10005_0037/PHB47	NA	62.8585906559965	60.796575091131	64.7694469244468	65.2757061011223	NA	NA	74.0235253703837	NA	72.2484496623446	71.9611573322134	NA	75.7712356124507	NA	85.6475935091259
W10005_0107/PHB47	NA	62.3964081010164	61.6213930104336	65.7078027751867	66.1468210711677	NA	NA	76.023525292567	70.9445690130074	69.7793295349317	71.3004398444962	72.9999999999996	NA	78.9057888338694	83.8364890659129
W10005_0111/PHB47	58	62.6080271799235	62.3530635523686	69.6959528026383	68.7772023813748	67.5	NA	NA	71.1341363219193	NA	72.2671032951004	73.5000000114096	NA	NA	NA
W10005_0147/PHB47	NA	61.0870163887083	60.860348698162	65.0759598072964	66.0121562248813	NA	NA	71.023525292567	NA	73.487572816779	73.6477597625411	NA	76.7134433604766	80.737137161499	84.6475935091259
W10005_0220/PHB47	NA	62.083505863756	61.7244492680813	66.7632393421	NA	NA	70.1156038291178	73.9764746720616	NA	70.0925664145229	70.2882495100249	NA	74.2705225013028	NA	86.7761150276536
W10006_0003/PHB47	NA	61.0173153244095	61.1472579947708	64.6804022055217	64.8287248555276	NA	74.1156038291178	76.023525349161	NA	72.4540115579532	72.0406141843667	NA	77.2670890800566	78.0104432078776	82.4633111725191
W10006_0004/PHB47	NA	62.487594940369	59.6507596120301	NA	NA	NA	69.1156038291178	67.023525320864	NA	73.4260422229424	72.1295126075413	NA	75.7712356124507	78.9854057670962	80.3671428231606
W10008_0001/PHB47	NA	60.083505863756	NA	63.8356255246887	65.9648004020775	NA	NA	66.9764746674564	70.9769990095734	NA	67.2671032951004	NA	NA	78.8241063200067	84.2651756951337
W10008_0017/PHB47	NA	58.487594940369	NA	NA	NA	NA	NA	70.9764746438755	70.9445690130074	NA	72.1625442189052	NA	74.3070189292258	80.737137161499	80.5643073400551
W10008_0018/PHB47	54	NA	60.7244492680813	63.6804022055217	NA	64.5	66.8843961708809	NA	68.0578437863596	71.9370145578121	NA	72.5000000199671	NA	NA	NA
W10008_0037/PHB47	NA	NA	61.4903012338734	NA	NA	NA	NA	NA	NA	73.7092284035124	72.1625442189052	NA	74.6957723667385	80.1378183814343	NA
W10008_0042/PHB47	NA	NA	NA	NA	65.7398647615039	NA	67.1156038291178	NA	NA	68.6455070097887	NA	NA	NA	NA	80.8364890659129
W10008_0053/PHB47	NA	62.017099359704	NA	NA	NA	NA	NA	NA	NA	NA	76.0406141843667	NA	75.2705225013028	NA	83.2966887589307
W10008_0059/PHB47	58	NA	NA	67.0833724025769	NA	66.5	67.1156038291178	76.023525349161	71.7741967230964	74.4260422229424	NA	75.5000000348552	NA	81.2719847193874	NA
W10008_0063/PHB47	NA	NA	NA	NA	69.7013339203077	NA	NA	NA	NA	72.8062371285301	NA	NA	78.6957723667385	78.9911969740347	NA
W10008_0069/PHB47	NA	63.1018821117982	64.3337922636352	67.379210348657	69.2306307760746	NA	72.8843961708809	75.5000000023025	72.8963653484825	77.6781183367456	72.5974970005996	NA	78.2795597566279	81.9540549900291	NA
W10008_0092/PHB47	NA	NA	64.1622653913858	NA	NA	NA	72.8843961708809	NA	NA	NA	NA	NA	76.6760400329935	82.2719847193874	NA
W10008_0099/PHB47	55	NA	NA	65.5484727215067	NA	67	NA	NA	69.0764031308263	74.0366095217381	73.3911690600559	74.5000000321777	76.7134433604766	81.9971280727805	83.4225823288692
W10008_0119/PHB47	55.5	NA	61.1318556465045	NA	66.7398647615039	66.5	61.8843961708809	74.0235253797051	68.7224003970263	NA	NA	74.0000000091828	75.6615703364466	80.9854057670962	85.2563452650357
W37A/PHB47	NA	61.156717453007	NA	66.5484727215067	63.1585752298681	NA	66.8843961708809	72.9764746674564	NA	73.6572926213062	71.9611573322134	NA	73.3193534346014	77.0104432078776	81.5058008862857
