line_code	GAH1_15	INH1_15	MOH2_15	NYH2_15	NCH1_15	NYH3_15	OHH1_15	DEH1_15	NEH1_15	MNH1_15	ILH1_15	NEH4_15	WIH2_15	ONH2_15	WIH1_15
B118/PHB47	NA	NA	NA	NA	NA	253.932680633812	250.075397098853	233.553150850647	NA	NA	NA	NA	246.70512499309	261.755900324552	279.31124306164
B97/PHB47	165	210.836757452305	213.748948286151	227.962028719872	241.577575567055	245.122569370292	262.2925540773	240.001748284006	245	253.500222788315	255.274204024575	260.268562175764	265.543487873075	267.306187173606	261.33300403844
CG106/PHB47	NA	NA	NA	216.877317842617	NA	198.988791769585	215.075397098853	NA	NA	244.174497003738	NA	NA	NA	261.529797961826	245.820677494238
CG108/PHB47	NA	NA	NA	232.505218942055	NA	210.443612352467	233.100364290539	NA	229.891969040826	NA	NA	NA	NA	NA	NA
CG110/PHB47	NA	NA	NA	195.171677971467	NA	227.122569370292	NA	NA	NA	216.174369508434	NA	NA	231.048246001839	258.857025752868	NA
CG111/PHB47	NA	NA	NA	204.87310747945	NA	200.081761285172	NA	NA	219.891969040826	250.825907490226	NA	NA	261.261095451171	261.58758258389	NA
CG122/PHB47	NA	NA	NA	204.320019797108	NA	229.443612352467	NA	NA	NA	220.174497003738	NA	232.531833364229	258.856663091817	249.982255975435	273.610359412202
CG123/PHB47	NA	NA	NA	216.800355369952	NA	231.443612352467	NA	NA	NA	233.174789784496	NA	NA	262.045319293166	240.182559122844	NA
CG124/PHB47	NA	NA	NA	252.574097755694	NA	252.171914937062	239.358154811894	NA	NA	247.825200677074	NA	NA	268.566265302774	284.724489769624	NA
CG125/PHB47	NA	NA	NA	215.422387496234	NA	229.171914937062	NA	NA	NA	241.174369508434	NA	NA	231.943979218432	261.29436105764	NA
CG126/PHB47	NA	NA	NA	226.320019797108	NA	224.475446546659	NA	NA	NA	213.824996752514	NA	NA	239.139216365928	247.182559122844	NA
CG127/PHB47	NA	NA	NA	228.310248696874	NA	240.347725400419	NA	NA	250.108030959174	234.175257808727	235.560256298977	NA	270.566265302774	276.692480049855	NA
CG60/PHB47	NA	NA	NA	193.962028719872	NA	200.163943237348	NA	NA	NA	222.174856624346	NA	NA	240.261095451171	232.823975204514	NA
CGR03/PHB47	NA	NA	NA	220.800355369952	NA	222.113647440054	NA	NA	NA	232.174789784496	NA	NA	264.262764421999	262.136657251201	NA
CML228/PHB47	NA	229.448939635136	232.18659623243	NA	240.36118230997	NA	NA	254.31081490461	260.108030959174	NA	NA	NA	NA	NA	NA
GT601/PHB47	170	NA	217.893667618535	NA	222.198991360467	NA	NA	NA	240.108030959174	NA	NA	238.790008835207	NA	NA	NA
H95/PHB47	170	223.839653466618	197.18659623243	NA	223.923907919277	NA	NA	NA	239.891969040826	NA	NA	NA	NA	NA	NA
KY21/PHB47	200	NA	213.017547905089	NA	238.863073942369	NA	NA	NA	259.891969040826	NA	259.780644958231	NA	NA	NA	NA
LH162/PHB47	NA	NA	197.947986215787	NA	237.218659470312	NA	211.309017563254	218.14724731764	NA	NA	NA	228.278357543988	NA	NA	254.53610680776
LH38/PHB47	160	208.929945144693	175.746880777058	198.919133685569	213.36118230997	NA	227.224840661078	NA	NA	222.174497003738	NA	NA	248.045319293166	234.485908855774	NA
LH51/PHB47	NA	NA	NA	242.894619091517	NA	NA	NA	NA	249.891969040826	235.000124172516	244.062105942305	NA	NA	268.131287583151	NA
LH57/PHB47	NA	196.467661101823	NA	211.322688229059	NA	NA	NA	NA	NA	223.999761207676	NA	NA	NA	243.138248145849	243.31124306164
LH61/PHB47	NA	NA	NA	204.007747898646	NA	NA	207.075397098853	208.834453615198	NA	NA	NA	NA	226.842840218205	253.662616384545	NA
LH82_PH207-11/PHB47	NA	192.839653466618	NA	NA	NA	212.932680633812	236.919700048411	226.139157348109	NA	213.825025411614	229.062105942305	NA	228.943979218432	NA	255.709562706573
LH82_PH207-12/PHB47	NA	195.201861214621	NA	NA	NA	223.475446546659	215.78780946945	NA	NA	239.825315277107	224.062105942305	NA	224.373785914746	NA	NA
LH82_PH207-13/PHB47	NA	208.929945144693	NA	NA	NA	223.853790695141	194.530422865098	220.553150850647	NA	211.174369508434	219.243028900984	NA	242.048355514632	NA	232.999605648113
LH82_PH207-14/PHB47	NA	NA	NA	NA	NA	212.395205840884	NA	219.031404326675	NA	NA	219.780644958231	NA	227.373785914746	NA	NA
LH82_PH207-15/PHB47	NA	211.929945144693	NA	NA	NA	218.171914937062	241.904607164318	NA	NA	238.174793109127	251.379843494357	NA	273.040559817184	NA	271.037225098022
LH82_PH207-16/PHB47	NA	170.201861214621	NA	NA	NA	205.876325900002	211.295786833498	198.02187562342	NA	224.173933462401	204.875601905281	NA	241.566265302774	NA	NA
LH82_PH207-17/PHB47	NA	NA	NA	NA	NA	259.298212205957	NA	227.723533417893	NA	239.825315277107	NA	NA	256.196992078944	NA	253.94722431967
LH82_PH207-18/PHB47	NA	193.223785586728	NA	NA	NA	204.932680633812	241.612874745172	NA	NA	231.174793109127	249.315426945414	NA	NA	NA	256.999605648113
LH82_PH207-19/PHB47	NA	206.223785586728	NA	NA	NA	241.457018008621	NA	234.031404326675	NA	NA	238.196210678232	NA	258.261095451171	NA	254.820677494238
LH82_PH207-2/PHB47	NA	198.467661101823	NA	NA	NA	215.613689515666	243.509023009706	226.723533417893	NA	228.174369508434	250.425367508215	NA	240.140844684177	NA	NA
LH82_PH207-22/PHB47	NA	192.338142010345	NA	NA	NA	194.457018008621	210.760564519984	194.14724731764	NA	192.174369508434	234.168564554793	NA	217.373785914747	NA	235.024806439343
LH82_PH207-23/PHB47	NA	186.467661101823	NA	NA	NA	204.330055227066	214.530422865098	231.584426354391	NA	230.825588952285	214.875601905281	NA	210.262764421999	NA	NA
LH82_PH207-24/PHB47	NA	201.063915896633	NA	NA	NA	237.171914937062	NA	NA	NA	221.825818193703	NA	NA	244.048355514632	NA	255.024806439343
LH82_PH207-25/PHB47	NA	200.929945144693	NA	NA	NA	202.613689515666	199.309017563254	196.031404326675	NA	210.825907490226	219.243028900984	NA	245.163165550374	NA	235.226378852393
LH82_PH207-4/PHB47	NA	197.556191652693	NA	NA	NA	214.613689515666	235.075397098853	235.139157348109	NA	245.825025411614	NA	NA	245.040559817184	NA	261.627824518339
LH82_PH207-5/PHB47	NA	218.556191652693	NA	NA	NA	234.081761285172	227.467193388574	NA	NA	238.174856624346	241.421659930498	NA	259.829017344593	NA	257.968038239486
LH82_PH207-6/PHB47	NA	200.36442271766	NA	NA	NA	NA	NA	220.14724731764	NA	253.825588952285	233.609821033897	NA	249.616873184816	NA	262.004779122151
LH82_PH207-7/PHB47	NA	188.895290498114	NA	NA	NA	198.395205840884	230.561926206545	217.553150850647	NA	237.824996752514	212.752282231808	NA	228.70512499309	NA	232.265655478321
LH82_PH207-8/PHB47	NA	NA	NA	NA	NA	205.853790695141	231.517890841876	NA	NA	221.174856624346	NA	NA	246.829017344593	NA	251.590409637788
LH82_PH207-9/PHB47	NA	NA	NA	NA	NA	NA	207.530422865098	NA	NA	228.174353748741	238.582305707299	NA	233.045319293166	NA	NA
LH82_PHG47-1/PHB47	NA	NA	NA	202.962028719872	NA	221.113647440054	NA	NA	209.891969040826	216.825878836599	NA	NA	214.400665521407	257.29436105764	245.13569346512
LH82_PHG47-10/PHB47	NA	NA	NA	202.723607771336	NA	204.939941027219	222.467193388574	NA	219.891969040826	224.825315277107	214.835836690401	NA	247.829017344593	240.125917915102	NA
LH82_PHG47-11/PHB47	NA	NA	NA	242.320019797108	NA	244.298212205957	244.517890841875	NA	229.891969040826	234.174388610365	233.609821033897	NA	244.373785914746	265.552006522074	263.13569346512
LH82_PHG47-12/PHB47	NA	NA	NA	212.574097755694	NA	210.659121009469	218.509023009706	NA	NA	NA	237.498550374457	NA	235.261095451171	265.58758258389	253.968038239486
LH82_PHG47-13/PHB47	NA	NA	NA	NA	NA	232.667230572269	223.919700048411	NA	229.891969040826	218.825588952285	244.168564554793	NA	244.196992078944	220.402704124275	259.94722431967
LH82_PHG47-14/PHB47	NA	NA	NA	238.574097755694	NA	210.659121009469	227.162132626252	NA	229.891969040826	232.174789784496	225.560256298977	NA	221.400665521407	273.989561736113	NA
LH82_PHG47-15/PHB47	NA	NA	NA	212.312328029037	NA	249.443612352467	227.467193388574	NA	NA	238.825315277107	254.168564554793	NA	243.400665521407	NA	265.968038239486
LH82_PHG47-17/PHB47	NA	NA	NA	232.422387496234	NA	245.457018008621	243.729967174224	NA	NA	217.174793109127	238.807506794745	NA	NA	NA	249.999605648113
LH82_PHG47-18/PHB47	NA	NA	NA	186.195989071605	NA	225.679371333213	231.919700048411	NA	210.108030959174	239.824996752514	231.421659930498	NA	232.979215496789	239.394690794628	248.590409637788
LH82_PHG47-19/PHB47	NA	NA	NA	223.541948534113	NA	NA	238.78780946945	NA	230.108030959174	226.173933462401	231.379843494357	NA	228.943979218432	252.182559122844	257.687904244845
LH82_PHG47-2/PHB47	NA	NA	NA	NA	NA	228.443612352467	231.517890841876	NA	210.108030959174	216.825636711278	219.835836690401	NA	229.196992078944	NA	256.233757873393
LH82_PHG47-20/PHB47	NA	NA	NA	209.800355369952	NA	224.853790695141	NA	NA	220.108030959174	210.825878836599	219.780644958231	NA	229.373785914747	236.136657251201	246.038183558542
LH82_PHG47-21/PHB47	NA	NA	NA	233.541948534113	NA	210.395205840884	239.517890841875	NA	NA	238.174388610365	NA	NA	254.829017344593	265.125917915102	260.024806439343
LH82_PHG47-22/PHB47	NA	NA	NA	NA	NA	184.876325900002	228.509023009706	NA	220.108030959174	NA	237.498550374457	NA	NA	NA	276.037225098022
LH82_PHG47-23/PHB47	NA	NA	NA	201.195989071605	NA	NA	199.309017563254	NA	209.891969040826	217.175257808727	208.807506794745	NA	231.196992078944	222.29436105764	246.233757873393
LH82_PHG47-24/PHB47	NA	NA	NA	180.541948534113	NA	214.330055227066	223.509023009706	NA	NA	222.174369508434	220.801447268579	NA	242.163165550374	226.125917915102	253.004779122151
LH82_PHG47-25/PHB47	NA	NA	NA	NA	NA	181.919508038913	215.100364290539	NA	200.108030959174	207.175257808727	223.582305707299	NA	223.566265302774	NA	NA
LH82_PHG47-3/PHB47	NA	NA	NA	210.422387496234	NA	210.919508038913	NA	NA	220.108030959174	227.825025411614	NA	NA	243.70512499309	231.830585813208	248.590409637788
LH82_PHG47-4/PHB47	NA	NA	NA	218.422387496234	NA	224.443612352467	210.729967174224	NA	210.108030959174	211.824996752514	219.835836690401	NA	233.70512499309	252.29436105764	250.820677494238
LH82_PHG47-5/PHB47	NA	NA	NA	195.628518776927	NA	212.659121009469	226.509023009706	NA	220.108030959174	226.825907490226	229.062105942305	NA	236.261095451171	NA	255.610359412202
LH82_PHG47-6/PHB47	NA	NA	NA	NA	NA	NA	236.904607164318	NA	NA	243.174789784496	NA	NA	NA	252.29436105764	266.590409637788
LH82_PHG47-7/PHB47	NA	NA	NA	234.628518776927	NA	207.113647440054	224.467193388574	NA	210.108030959174	205.173933462401	NA	NA	229.943979218432	239.136657251201	243.31124306164
LH82_PHG47-8/PHB47	NA	NA	NA	NA	NA	253.298212205957	NA	NA	229.891969040826	242.174388610365	228.582305707299	NA	253.045319293166	243.830585813208	NA
MO44_LH145_0127/PHB47	NA	NA	187.370409315108	206.710568091036	220.923907919277	213.667230572269	230.467193388574	225.834453615198	229.891969040826	237.500103402034	NA	248.278357543988	235.628664306612	242.205901799458	256.10089805644
MO44_PHG47_0072/PHB47	NA	215.435853537296	NA	198.628518776927	NA	219.767723454736	227.844135922012	230.31081490461	225	236.000191030706	249.168564554793	234.122196293291	233.876685497464	255.31608260723	269.224564022131
MOG_LH123HT-031-1-1-1-1-B/PHB47	NA	NA	232.840279939247	NA	229.461733144581	NA	NA	263.621369704506	NA	NA	NA	249.981620430478	NA	NA	NA
NC258/PHB47	195	221.201861214621	221.06176962431	NA	244.461733144581	NA	NA	NA	NA	NA	NA	NA	NA	NA	NA
NYH-029/PHB47	NA	NA	NA	229.800355369952	NA	272.081761285172	NA	NA	NA	234.825200677074	NA	NA	235.261095451171	268.229244476072	NA
NYH-052/PHB47	NA	NA	NA	211.962028719872	NA	201.939941027219	NA	NA	NA	232.174856624346	NA	NA	NA	252.552006522074	NA
NYH-055/PHB47	NA	NA	NA	203.896889622411	NA	234.443612352467	NA	NA	NA	249.174353748741	NA	NA	252.048355514632	248.638564355301	NA
NYH-061/PHB47	NA	NA	NA	219.962028719872	NA	232.391348045443	NA	NA	NA	235.174856624346	NA	NA	248.139216365928	251.877036800807	NA
NYH-128/PHB47	NA	NA	NA	214.312328029037	NA	232.330055227066	NA	NA	NA	229.825636711278	NA	NA	239.400665521407	242.989561736112	NA
NYH-129/PHB47	NA	NA	NA	NA	NA	228.298212205957	NA	NA	NA	211.174369508434	NA	NA	224.381850753061	223.402704124275	NA
NYH-211/PHB47	NA	NA	NA	NA	NA	225.330055227066	NA	NA	NA	244.825907490226	NA	NA	252.381850753061	267.638564355301	NA
NYH-229/PHB47	NA	NA	NA	206.195989071605	NA	199.919508038913	NA	NA	NA	237.825200677074	NA	NA	242.140844684177	266.229244476072	NA
NYH-240/PHB47	NA	NA	NA	241.896889622411	NA	220.457018008621	NA	NA	NA	248.825588952285	NA	NA	242.048246001839	258.229244476072	NA
NYH-244/PHB47	NA	NA	NA	238.505218942055	NA	210.700119384769	NA	NA	NA	237.175257808727	NA	NA	250.140844684177	267.335671032978	NA
NYH-245/PHB47	NA	NA	NA	233.208371172216	NA	231.613689515666	NA	NA	NA	243.174688044308	NA	NA	262.045319293166	277.182559122844	NA
NYH-250/PHB47	NA	NA	NA	220.459107462201	NA	215.939941027219	NA	NA	NA	245.174688044308	NA	NA	253.140844684177	243.830585813208	NA
NYH-251/PHB47	NA	NA	NA	234.962028719872	NA	245.081761285172	NA	NA	NA	240.825315277107	NA	NA	246.616873184816	284.552006522074	NA
NYH-258/PHB47	NA	NA	NA	235.320019797108	NA	251.853790695141	NA	NA	NA	237.825315277107	NA	NA	252.381850753061	271.060367825138	NA
NYH-269/PHB47	NA	NA	NA	215.195989071605	NA	227.475446546659	NA	NA	NA	224.174856624346	NA	NA	231.70512499309	263.402704124275	NA
OH43/PHB47	NA	NA	NA	235.505218942055	214.863073942369	233.613689515666	NA	NA	NA	NA	246.379843494357	NA	241.048246001839	267.023577629332	240.627824518339
PH207_PHG47-1/PHB47	NA	206.56181003814	NA	237.800355369952	NA	264.876325900002	NA	NA	NA	NA	269.780644958231	249.27387772413	270.261095451171	282.394690794628	NA
PH207_PHG47-10/PHB47	NA	217.39003369556	NA	NA	NA	221.667230572269	NA	NA	NA	151.174388610365	236.379843494357	261.739829637732	NA	NA	NA
PH207_PHG47-11/PHB47	NA	153.895290498114	NA	198.87310747945	NA	NA	NA	NA	NA	216.825636711278	NA	210.761867796437	260.045319293166	242.982255975435	NA
PH207_PHG47-12/PHB47	NA	NA	NA	NA	NA	217.443612352467	NA	NA	NA	251.173933462401	223.609821033897	NA	NA	253.58758258389	NA
PH207_PHG47-13/PHB47	NA	221.895290498114	NA	241.800355369952	NA	248.475446546659	NA	NA	NA	NA	257.752282231809	242.508940373539	250.140844684177	283.982255975435	NA
PH207_PHG47-15/PHB47	NA	NA	NA	206.574097755694	NA	212.475446546659	NA	NA	NA	226.824703993286	234.062105942305	251.739829637732	248.566265302774	251.136657251201	NA
PH207_PHG47-16/PHB47	NA	193.563476736016	NA	NA	NA	198.298212205957	NA	NA	NA	224.174353748741	224.875601905281	191.556453537043	244.048355514632	233.724489769624	NA
PH207_PHG47-18/PHB47	NA	195.556191652693	NA	191.758310641812	NA	198.876325900002	NA	NA	NA	265.825907490226	223.609821033897	211.739829637732	238.196992078944	255.989561736113	NA
PH207_PHG47-2/PHB47	NA	221.929945144693	NA	NA	NA	186.679371333213	NA	NA	NA	235.825315277107	236.421659930498	220.804926701079	239.048246001839	237.335671032978	NA
PH207_PHG47-22/PHB47	NA	199.647921487863	NA	207.459107462201	NA	NA	NA	NA	NA	223.174688044308	218.609821033897	238.790008835207	227.262764421999	260.58758258389	NA
PH207_PHG47-23/PHB47	NA	NA	NA	219.320019797108	NA	233.919508038913	NA	NA	NA	NA	234.243028900984	260.804926701079	248.400665521407	NA	NA
PH207_PHG47-24/PHB47	NA	207.647921487863	NA	227.505218942055	NA	NA	NA	NA	NA	225.174793109127	250.089348939755	239.27387772413	NA	242.552006522074	NA
PH207_PHG47-25/PHB47	NA	184.036060233342	NA	212.758310641812	NA	210.939941027219	NA	NA	NA	223.174497003738	NA	238.262772156104	249.048355514632	NA	NA
PH207_PHG47-3/PHB47	NA	201.223785586728	NA	NA	NA	211.876325900002	NA	NA	NA	246.825588952285	245.801447268579	232.508940373539	NA	260.29436105764	NA
PH207_PHG47-6/PHB47	NA	193.223785586728	NA	232.800355369952	NA	238.475446546659	NA	NA	NA	NA	257.498550374457	249.942876324812	237.373785914747	243.229244476072	NA
PH207_PHG47-7/PHB47	NA	195.839653466618	NA	197.215140427341	NA	NA	NA	NA	NA	218.825818193703	232.752282231809	250.423103524027	228.261095451171	243.182559122844	NA
PH207_PHG47-8/PHB47	NA	195.201861214621	NA	NA	NA	228.113647440054	NA	NA	NA	232.825878836599	240.560256298977	261.739829637732	253.856663091817	261.552006522074	NA
PHG47/PHB47	NA	NA	NA	215.201054282233	NA	223.537288587049	NA	NA	NA	218.499675250627	NA	NA	244.200990393963	234.331070992317	NA
PHG72/PHB47	NA	170.059578070404	NA	202.208371172216	NA	170.395205840884	224.309017563254	215.584426354391	210.108030959174	229.825025411614	228.196210678232	228.278357543988	232.979215496789	262.125917915102	255.53610680776
PHG80/PHB47	NA	NA	NA	223.459107462201	202.758363635395	NA	NA	241.139157348109	239.891969040826	NA	NA	NA	251.400665521407	NA	262.999605648113
PHKE6/PHB47	175	NA	NA	NA	211.296692662707	223.155404351881	NA	NA	NA	NA	NA	230.182077338908	NA	NA	251.265655478321
PHM81/PHB47	NA	NA	NA	192.896889622411	NA	NA	199.162132626252	200.175082643279	NA	181.824703993286	224.780644958231	NA	227.140844684177	NA	NA
PHN11_LH145_0003/PHB47	NA	NA	NA	204.208371172216	NA	NA	NA	NA	NA	186.824703993286	240.425367508215	210.804926701079	235.045319293166	243.023577629332	247.224564022131
PHN11_LH145_0028/PHB47	NA	188.223785586728	NA	NA	NA	221.679371333213	211.904607164318	218.828413924732	NA	235.825907490226	NA	NA	245.040559817184	NA	NA
PHN11_LH145_0085/PHB47	NA	212.839653466618	NA	242.628518776927	NA	217.679371333213	228.729967174224	241.155962537455	259.891969040826	NA	NA	238.797294713795	NA	NA	263.968038239486
PHN11_OH43_0001/PHB47	NA	NA	NA	245.726818508441	NA	245.012852816101	245.561926206545	NA	240.108030959174	245.499995230009	NA	248.797294713795	255.913680376973	239.353811307008	259.820677494238
PHN11_OH43_0036/PHB47	NA	220.36442271766	NA	NA	NA	218.700119384769	204.162132626252	225.584426354391	220.108030959174	214.175257808727	228.582305707299	241.739829637732	232.163165550374	NA	250.53610680776
PHN11_OH43_0075/PHB47	NA	NA	NA	224.628518776927	NA	244.659121009469	NA	NA	NA	NA	NA	NA	271.139216365928	277.023577629332	256.037225098022
PHN11_OH43_0088/PHB47	NA	220.458300368479	NA	238.031027913897	NA	230.634998127142	245.485514778533	255.526639975047	245	221.174789784496	242.059315403133	249.489686026351	NA	263.136657251201	271.483821943799
PHN11_OH43_0184/PHB47	NA	NA	NA	NA	NA	223.667230572269	229.904607164318	212.38848755812	NA	236.825200677074	NA	231.556453537043	NA	252.023577629332	262.53610680776
PHN11_OH43_0215/PHB47	NA	NA	NA	254.238496589541	NA	NA	NA	NA	260.108030959174	243.174497003738	NA	238.278357543988	252.262764421999	294.830585813208	271.037225098022
PHN11_PHG47_0048/PHB47	NA	NA	NA	NA	NA	212.613689515666	NA	234.858295699335	NA	NA	NA	220.423103524027	NA	NA	247.265655478321
PHN11_PHG47_0251/PHB47	NA	195.726974796097	NA	NA	NA	229.62478163299	235.4335889108	236.778993516545	240	NA	239.503836607757	234.440673658303	NA	273.402704124275	260.33590013644
PHN11_PHG47_0287/PHB47	NA	213.654768605731	NA	225.320019797108	NA	NA	NA	219.723533417893	219.891969040826	221.824996752514	NA	230.618575160501	244.400665521407	NA	259.233757873393
PHN11_PHG47_0388/PHB47	NA	NA	NA	NA	NA	229.919508038913	NA	NA	NA	252.174793109127	NA	250.423103524027	236.70512499309	275.023577629332	275.627824518339
PHN11_PHG47_0390/PHB47	NA	NA	NA	NA	NA	218.081761285172	226.78780946945	NA	NA	248.174353748741	NA	NA	274.048355514632	NA	276.590409637788
PHN11_PHW65_0015/PHB47	NA	226.519991656643	231.06176962431	226.333048429082	213.758363635395	225.700119384769	237.430464405261	224.345834369674	230	244.500148050295	244.328147892019	229.801110707437	245.70512499309	NA	275.622834757166
PHN11_PHW65_0065/PHB47	NA	NA	NA	194.215140427341	NA	NA	215.729967174224	222.155962537455	200.108030959174	NA	220.560256298977	NA	NA	268.229244476072	NA
PHN11_PHW65_0237/PHB47	NA	227.036060233342	NA	NA	NA	NA	251.904607164318	242.828413924732	240.108030959174	250.825025411614	246.379843494357	242.508940373539	NA	NA	275.709562706573
PHN11_PHW65_0294/PHB47	NA	NA	NA	NA	NA	NA	236.904607164318	219.902567656343	NA	238.825907490226	228.582305707299	241.512473862717	243.70512499309	258.755900324552	NA
PHN11_PHW65_0323/PHB47	NA	215.338142010345	228.552554055815	225.574097755694	202.461733144581	226.939941027219	271.760564519984	243.553150850647	250.108030959174	249.174353748741	252.752282231809	242.508940373539	247.140844684177	280.335671032978	281.94722431967
PHN11_PHW65_0359/PHB47	NA	180.654768605731	NA	NA	NA	NA	216.358154811893	NA	NA	213.825878836599	233.582305707299	NA	237.048355514632	243.876264889909	NA
PHP02/PHB47	160	187.780963798536	197.309708630616	231.215140427341	217.591580703695	238.640460043968	232.803254004996	220.396213924041	230.108030959174	198.499920476313	240.560256298977	259.27387772413	236.620989959394	271.429646388121	260.968038239486
PHR25/PHB47	190	NA	NA	NA	NA	NA	NA	NA	NA	238.824996752514	NA	NA	246.400665521407	NA	255.004779122151
PHW65_MOG_0137/PHB47	NA	191.110038168593	NA	NA	NA	NA	256.100364290539	236.934132148746	249.891969040826	NA	NA	269.981620430478	NA	NA	259.31124306164
PHW65_MOG_0271/PHB47	NA	221.448939635136	NA	NA	NA	NA	267.295786833498	NA	249.891969040826	NA	246.379843494357	258.790008835207	NA	NA	273.233757873393
PHW65_MOG_0311/PHB47	NA	233.839653466618	NA	NA	NA	NA	240.076085144894	253.553150850647	230.108030959174	NA	NA	252.508940373539	NA	NA	266.265655478321
PHZ51/PHB47	195	225.338142010345	250.746880777058	NA	222.758363635395	NA	258.760564519984	239.155962537455	NA	NA	NA	250.804926701079	NA	NA	280.820677494238
Q381/PHB47	NA	194.063915896633	209.569893236656	NA	NA	210.659121009469	227.561926206545	210.902567656343	220.108030959174	NA	NA	232.531833364229	243.616873184816	248.402704124275	248.31124306164
SD101/PHB47	NA	NA	NA	222.848802025871	NA	221.640460043968	NA	238.834453615198	NA	NA	NA	NA	NA	243.476867122848	256.999605648113
TX204/PHB47	190	NA	223.528398676695	NA	243.25767606651	NA	265.162132626252	253.117525826148	259.891969040826	NA	NA	NA	NA	NA	NA
TX205/PHB47	200	NA	225.015424810455	NA	228.399758566972	NA	NA	NA	240.108030959174	NA	272.752282231809	NA	NA	NA	278.627824518339
TX303/PHB47	200	NA	228.552554055815	263.333048429082	251.666130145294	218.081761285172	NA	NA	NA	263.824996752514	280.089348939755	278.797294713795	272.048246001839	307.638564355301	296.224564022131
W10001_0003/PHB47	175	193.059578070404	216.331418713775	NA	222.964501937078	NA	NA	232.858295699335	249.891969040826	250.825315277107	NA	250.618575160501	NA	272.402704124275	NA
W10001_0006/PHB47	180	NA	192.18659623243	237.333048429082	230.218659470312	263.457018008621	233.509023009706	NA	NA	NA	258.807506794745	NA	248.616873184816	NA	273.226378852393
W10001_0007/PHB47	175	207.338142010345	193.552554055815	221.208371172216	210.920993457908	222.932680633812	NA	221.155962537455	229.891969040826	235.174688044308	NA	250.423103524027	NA	NA	258.233757873393
W10001_0009/PHB47	NA	NA	228.706080123569	NA	208.041153498549	NA	NA	NA	NA	NA	253.196210678232	NA	237.979215496789	276.023577629332	NA
W10001_0011/PHB47	NA	183.895290498114	NA	NA	NA	NA	NA	NA	NA	223.824703993286	224.243028900984	247.382464973681	227.163165550374	NA	NA
W10001_0012/PHB47	NA	NA	200.943562628017	194.758310641812	209.805429178079	NA	219.530422865098	229.14724731764	210.108030959174	NA	NA	NA	236.856663091817	256.724489769624	244.820677494238
W10001_0013/PHB47	NA	205.36442271766	189.455916523294	200.574097755694	212.218659470312	234.298212205957	NA	NA	NA	230.174388610365	NA	NA	NA	246.724489769624	NA
W10001_0014/PHB47	NA	238.201861214621	211.807718439225	NA	221.923907919277	NA	NA	237.828413924732	NA	249.824703993286	NA	247.382464973681	246.139216365928	NA	246.590409637788
W10001_0018/PHB47	NA	NA	NA	226.333048429082	NA	246.330055227066	NA	NA	NA	229.173933462401	NA	238.568999073727	NA	251.136657251201	267.224564022131
W10001_0019/PHB47	NA	214.895290498114	191.807718439225	222.459107462201	217.730745301135	204.679371333213	233.612874745172	234.904628982265	249.891969040826	NA	260.425367508215	NA	254.943979218432	278.136657251201	261.590409637788
W10001_0022/PHB47	195	216.31152740321	233.706080123569	240.320019797108	233.632420041936	228.298212205957	236.587880694696	252.002771508487	225	249.99953675086	250.680851783778	256.477468444128	242.658882566589	278.877036800807	259.42895129613
W10001_0031/PHB47	NA	206.56181003814	221.807718439225	NA	211.863073942369	241.932680633812	NA	NA	229.891969040826	235.173933462401	NA	NA	247.373785914747	271.394690794628	261.233757873393
W10001_0033/PHB47	NA	NA	222.840279939247	NA	227.666130145294	NA	NA	243.621369704506	NA	243.174688044308	NA	240.618575160501	250.261095451171	NA	NA
W10001_0047/PHB47	NA	196.223785586728	NA	193.195989071605	NA	216.919508038913	206.517890841876	NA	220.108030959174	NA	NA	NA	261.048355514632	266.989561736113	270.590409637788
W10002_0001/PHB47	NA	NA	NA	217.574097755694	NA	NA	NA	236.38848755812	NA	225.825200677074	233.807506794745	218.797294713795	242.829017344593	NA	NA
W10002_0002/PHB47	NA	203.654768605731	NA	NA	NA	232.700119384769	NA	NA	NA	232.825818193703	NA	NA	239.381850753061	249.29436105764	258.709562706573
W10005_0029/PHB47	NA	194.228550268127	NA	230.611371433093	NA	232.479043592587	251.612874745172	241.31081490461	NA	255.500085971222	234.734895873507	239.942876324812	252.201804553088	269.231923736899	276.94722431967
W10005_0037/PHB47	NA	200.556191652693	NA	NA	NA	220.700119384769	212.096241536322	247.031404326675	230.108030959174	244.825588952285	241.421659930498	239.942876324812	230.70512499309	256.394690794628	263.233757873393
W10005_0107/PHB47	NA	199.557082570477	174.455916523294	210.962028719872	195.923907919277	223.667230572269	221.548413516352	238.705235393756	210	240.825025411614	222.183881546861	229.910738282817	NA	NA	253.080249952231
W10005_0111/PHB47	180	185.929945144693	177.840279939247	NA	199.218659470312	NA	238.78780946945	219.553150850647	209.891969040826	NA	225.089348939755	212.531833364229	NA	NA	245.004779122151
W10005_0147/PHB47	NA	198.104865763002	NA	213.031027913897	NA	196.395205840884	232.260143719073	224.151604927547	220	209.825025411614	224.181475332765	230.039402212604	NA	261.876264889909	254.767856227936
W10005_0220/PHB47	NA	194.39003369556	NA	NA	NA	241.298212205957	204.530422865098	226.02187562342	239.891969040826	214.174688044308	NA	228.568999073727	222.373785914746	261.229244476072	252.53610680776
W10006_0003/PHB47	NA	235.036060233342	NA	253.505218942055	NA	250.613689515666	234.358154811893	253.175082643279	270.108030959174	257.825818193703	269.168564554793	280.618575160501	259.400665521407	296.552006522074	278.610359412202
W10006_0004/PHB47	NA	NA	NA	225.208371172216	NA	227.113647440054	261.612874745172	239.155962537455	230.108030959174	235.825636711278	NA	258.790008835207	250.979215496789	281.394690794628	270.53610680776
W10008_0001/PHB47	NA	203.059578070404	217.18659623243	211.723607771336	226.296692662707	NA	237.530422865098	NA	240.108030959174	231.174789784496	249.315426945414	230.618575160501	245.163165550374	NA	262.13569346512
W10008_0017/PHB47	NA	NA	179.455916523294	206.031027913897	210.295491385253	NA	218.612874745172	NA	219.891969040826	224.175257808727	NA	NA	224.400665521407	262.58758258389	NA
W10008_0018/PHB47	165	212.036060233342	211.06176962431	NA	224.920993457908	216.081761285172	NA	240.02187562342	NA	NA	NA	249.27387772413	NA	NA	NA
W10008_0037/PHB47	NA	NA	NA	221.87310747945	NA	206.876325900002	NA	244.828413924732	NA	NA	NA	NA	229.616873184816	237.060367825138	255.610359412202
W10008_0042/PHB47	NA	NA	NA	NA	NA	236.330055227066	NA	NA	219.891969040826	NA	239.780644958231	229.942876324812	NA	NA	NA
W10008_0059/PHB47	180	199.647921487863	202.978600403533	204.215140427341	211.041153498549	204.113647440054	NA	NA	NA	246.825818193703	NA	NA	NA	NA	261.265655478321
W10008_0063/PHB47	NA	NA	NA	219.758310641812	NA	240.457018008621	NA	NA	NA	NA	242.498550374457	NA	238.943979218432	237.060367825138	NA
W10008_0069/PHB47	NA	243.93785684998	218.706080123569	260.333048429082	214.350507516716	212.171914937062	242.225061456755	246.777750926626	250	246.499848840406	253.407194087057	255.614015112553	245.012267394977	287.877036800807	272.795007642951
W10008_0092/PHB47	NA	NA	NA	237.215140427341	NA	NA	NA	228.38848755812	NA	NA	NA	230.804926701079	NA	256.982255975435	242.004779122151
W10008_0099/PHB47	180	214.895290498114	220.943562628017	200.312328029037	213.758363635395	227.659121009469	NA	NA	NA	NA	NA	NA	260.040559817184	276.876264889909	NA
W10008_0119/PHB47	180	NA	209.569893236656	231.208371172216	240.36118230997	NA	NA	226.789101083006	220.108030959174	249.825907490226	249.780644958231	228.790008835207	243.943979218432	262.182559122844	NA
W37A/PHB47	NA	173.895290498114	NA	224.505218942055	NA	180.939941027219	207.162132626252	NA	220.108030959174	227.174789784496	219.835836690401	NA	NA	246.755900324552	248.004779122151
