line_code	INH1_15	NEH2_15	KSH1_15	OHH1_15	NEH4_15	NEH1_15	NEH3_15	MNH1_15	SDH1_15	NYH2_15	NCH1_15	NYH3_15	DEH1_15	ONH2_15	ONH1_15
B118/PHB47	NA	NA	14.8003730585026	14.655962385496	NA	NA	14.5103108714161	NA	NA	NA	NA	18.6889418227703	18.7173998664513	17.7538887260065	31.4559569113826
B97/PHB47	14.05	12.5824125194163	15.4227774770766	14.0499999999999	14.2792864602836	14.3880266723347	13.6475734908641	16.2	16.4952242158027	17.5	18.2385897876222	16.7157234244774	18.5500000277319	19.554852229532	30.4070397396269
CG106/PHB47	NA	NA	NA	12.455962385496	NA	NA	NA	14.8000000275018	12.8452763761986	15.4	NA	15.9633440642554	NA	17.0100463856635	22.9816784857239
CG108/PHB47	NA	NA	NA	12.8440376145037	NA	13.9332998757322	NA	NA	12.3307190377397	15.7515701747242	NA	17.2595349575029	NA	NA	28.9399948551599
CG110/PHB47	NA	NA	NA	NA	NA	NA	NA	15.1000000275018	14.8481523094243	16.6	NA	16.1157234244774	NA	18.1672325333362	27.926764266727
CG111/PHB47	NA	NA	NA	NA	NA	14.0280503537914	14.1197799095263	14.8999999724982	15.1103234693849	15.6515701747242	NA	15.7251604309475	NA	16.3325279723426	22.5679535785221
CG122/PHB47	NA	NA	NA	NA	14.3296888008435	NA	NA	15.3000000275018	13.2664522931264	15.9484298252758	NA	16.9595349575029	NA	16.3955068636758	23.7595011704297
CG123/PHB47	NA	NA	NA	NA	NA	NA	NA	15.1000000275018	14.4739211787272	15.9484298252758	NA	16.6595349575029	NA	17.373458835451	23.4369489415922
CG124/PHB47	NA	NA	NA	12.655962385496	NA	NA	NA	14.6999999724982	NA	15.2484298252758	NA	15.311261895403	NA	16.0966924829273	27.4032499295448
CG125/PHB47	NA	NA	NA	NA	NA	NA	NA	14.8000000275018	13.8802292830123	14.8515701747242	NA	14.811261895403	NA	19.5231297066071	31.8032499295448
CG126/PHB47	NA	NA	NA	NA	NA	NA	NA	14.8999999724982	13.7103234693849	16.4484298252758	NA	16.8197790525073	NA	17.773458835451	23.5975716220715
CG127/PHB47	NA	NA	NA	NA	NA	15.2396255662188	NA	15.6000000275018	15.4804860240933	16.35	NA	17.3611671907613	NA	19.2746235231583	28.9710854355115
CG60/PHB47	NA	NA	NA	NA	NA	NA	NA	15.0000000275018	NA	15.6484298252758	NA	16.5228979483135	NA	17.3526951799377	25.8613630683984
CGR03/PHB47	NA	12.8930334740365	NA	NA	NA	NA	NA	16.5000000275018	17.3563372721408	16.9484298252758	NA	17.5022816103476	NA	20.1574652146888	31.4088575498232
CML228/PHB47	18.6	15.1810835934975	19.3074539472074	NA	NA	18.0256241808162	NA	NA	NA	NA	19.0238090498732	NA	22.8173998653159	NA	NA
GT601/PHB47	NA	NA	14.4944576660722	NA	15.5307911317408	15.1541294562785	NA	NA	NA	NA	19.2861265999004	NA	NA	NA	NA
H95/PHB47	13.6	NA	14.0484122613137	NA	NA	14.0564939172974	NA	NA	NA	NA	18.4306810164601	NA	NA	NA	NA
LH162/PHB47	NA	13.6131223464704	14.0484122613137	13.955962385496	14.677563345006	NA	NA	NA	NA	NA	16.6433204007837	NA	18.0173998273003	NA	NA
LH38/PHB47	13.6	13.4517026923621	14.7787535779617	13.5440376145037	NA	NA	NA	16.8000000275018	17.5839891366733	16.7	16.4238090498732	NA	NA	22.1666397237105	NA
LH51/PHB47	NA	NA	NA	NA	NA	14.0280503537914	NA	17.95	19.3522144293661	18.35	NA	NA	NA	23.5048253744863	NA
LH57/PHB47	13.1	13.2031987879646	NA	NA	NA	NA	13.3103108714161	15.85	16.4452242158027	16.05	NA	NA	NA	21.4667672772292	NA
LH61/PHB47	NA	13.3517026923621	NA	14.255962385496	NA	NA	NA	NA	NA	17.15	NA	NA	17.2173997196351	21.7339541990435	NA
LH82_PH207-10/PHB47	NA	13.4304014361718	NA	14.755962385496	NA	NA	NA	16.3999999724982	18.0399673467078	NA	NA	19.5530989830862	NA	NA	29.1264080298556
LH82_PH207-11/PHB47	13.9	13.6453850341069	NA	14.755962385496	NA	NA	16.2103108714161	16.3999999724982	13.6870508694594	NA	NA	18.0889418227703	17.2826002085879	NA	NA
LH82_PH207-12/PHB47	13.3	12.5472241634802	NA	15.5440376145037	NA	NA	14.3760045063245	16.6999999724982	16.9214165113811	NA	NA	18.1197790525073	NA	NA	NA
LH82_PH207-13/PHB47	13.8	13.0242508955117	NA	14.9440376145037	NA	NA	NA	16.0000000275018	17.8802292830123	NA	NA	17.1409527863193	19.0173998664513	NA	31.6982231721363
LH82_PH207-14/PHB47	NA	16.4131223464704	NA	NA	NA	NA	17.5197799095263	NA	15.1664522931264	NA	NA	18.7568540738568	18.9825999932575	NA	29.7264080298556
LH82_PH207-15/PHB47	13.8	NA	NA	15.155962385496	NA	NA	23.5900401264962	16.5000000275018	15.5498431348131	NA	NA	20.911261895403	NA	NA	28.8595011704297
LH82_PH207-16/PHB47	13.1	14.1940331723364	NA	14.555962385496	NA	NA	NA	16.2000000275018	NA	NA	NA	15.9907668167099	18.0173998620534	NA	30.3950626061957
LH82_PH207-17/PHB47	NA	NA	NA	NA	NA	NA	13.2798303315595	15.2999999724982	12.0240915284444	NA	NA	14.8282078594966	16.0826001999356	NA	29.1429461755457
LH82_PH207-18/PHB47	12.8	19.7125968709393	NA	13.3440376145037	NA	NA	NA	15.1000000275018	14.3739211787272	NA	NA	16.5889418227703	NA	NA	27.4559569113826
LH82_PH207-19/PHB47	13.6	NA	NA	NA	NA	NA	16.7138911720247	NA	17.9214165113811	NA	NA	16.9261138202635	18.7825999932575	NA	29.9950626061957
LH82_PH207-2/PHB47	13.5	13.6522077767379	NA	14.2440376145037	NA	NA	13.7138911720247	16.5000000275018	17.1173779892729	NA	NA	17.897173950575	18.5826001999356	NA	NA
LH82_PH207-22/PHB47	13	NA	NA	14.855962385496	NA	NA	NA	16.2000000275018	15.8563372721408	NA	NA	18.3261138202635	17.8173998273003	NA	28.7667692254142
LH82_PH207-23/PHB47	14.7	14.7524395868991	NA	15.9440376145037	NA	NA	16.313665763655	17.9999999724982	14.6498431348131	NA	NA	17.6183341133767	19.3826000585092	NA	28.4019307361153
LH82_PH207-24/PHB47	14.1	NA	NA	NA	NA	NA	NA	15.8999999724982	16.8361119673453	NA	NA	16.711261895403	NA	NA	29.7369489415922
LH82_PH207-25/PHB47	13	12.9810835934975	NA	14.255962385496	NA	NA	15.3101088857419	15.3999999724982	NA	NA	NA	16.197173950575	17.6825999932575	NA	26.7088575498232
LH82_PH207-4/PHB47	13.4	13.4870806660723	NA	14.055962385496	NA	NA	14.1794090514266	15.8999999724982	17.0611290619028	NA	NA	16.997173950575	19.1826002085879	NA	27.0429461755457
LH82_PH207-5/PHB47	13.3	12.6530309255878	NA	14.455962385496	NA	NA	NA	16.4000000275018	15.3563372721408	NA	NA	16.6251604309475	NA	NA	NA
LH82_PH207-6/PHB47	13.8	NA	NA	NA	NA	NA	NA	15.5999999724982	14.6870508694594	NA	NA	NA	20.0173998273003	NA	30.7032499295448
LH82_PH207-7/PHB47	14.2	12.7131223464704	NA	14.355962385496	NA	NA	NA	16.2999999724982	18.3870508694594	NA	NA	17.8568540738568	18.8173998664513	NA	29.0052219294307
LH82_PH207-8/PHB47	NA	NA	NA	14.2440376145037	NA	NA	NA	15.5000000275018	NA	NA	NA	17.0409527863193	NA	NA	28.6950626061957
LH82_PH207-9/PHB47	NA	12.2242508955117	NA	13.1440376145037	NA	NA	NA	15.3000000275018	13.8498431348131	NA	NA	NA	NA	NA	25.7264080298556
LH82_PHG47-1/PHB47	NA	NA	NA	NA	NA	14.7332998757322	NA	14.8999999724982	12.9997938022227	16.0484298252758	NA	16.4022816103476	NA	18.8231297066071	27.1369489415922
LH82_PHG47-10/PHB47	NA	13.2131223464704	NA	14.655962385496	NA	14.5280503537914	NA	15.5999999724982	15.6103234693849	16.2515701747242	NA	16.3833392402665	NA	20.0521855342839	26.7052219294307
LH82_PHG47-11/PHB47	NA	14.2052424343805	NA	14.0440376145037	NA	14.3735860365191	NA	16.3000000275018	16.3361119673453	16.8484298252758	NA	16.8282078594966	NA	20.7368420715312	31.8488487930075
LH82_PHG47-12/PHB47	NA	14.2968366626743	NA	14.5440376145037	NA	NA	NA	NA	16.5116410012058	16.4484298252758	NA	16.7873551686148	NA	21.0325279723426	31.7660421487734
LH82_PHG47-13/PHB47	NA	NA	NA	14.855962385496	NA	14.7332998757322	NA	16.7999999724982	16.3207537900715	NA	NA	16.461618065878	NA	20.8537401826408	31.1559569113826
LH82_PHG47-14/PHB47	NA	13.7125968709393	NA	14.6440376145037	NA	14.7687997938489	NA	15.5000000275018	NA	15.9484298252758	NA	17.3873551686148	NA	19.4377725837452	30.9019307361153
LH82_PHG47-15/PHB47	NA	13.2125968709393	NA	14.755962385496	NA	NA	NA	16.9999999724982	18.4207537900715	17.5515701747242	NA	19.0595349575029	NA	NA	NA
LH82_PHG47-16/PHB47	NA	13.5304014361718	NA	NA	NA	14.1429691128523	NA	NA	14.1116410012058	NA	NA	17.2907668167099	NA	19.0233797439832	31.2667692254142
LH82_PHG47-17/PHB47	NA	12.7631640801653	NA	15.3440376145037	NA	NA	NA	16.7000000275018	15.2611290619028	15.9515701747242	NA	18.0261138202635	NA	NA	30.5975716220715
LH82_PHG47-18/PHB47	NA	12.6125968709393	NA	13.655962385496	NA	14.2570494260331	NA	16.2999999724982	14.410219148593	15.5515701747242	NA	17.2984802690142	NA	22.0112008467324	NA
LH82_PHG47-19/PHB47	NA	13.2524395868991	NA	13.4440376145037	NA	14.4113271330846	NA	15.0000000275018	NA	15.2515701747242	NA	NA	NA	17.373458835451	27.5950626061957
LH82_PHG47-2/PHB47	NA	13.4940331723364	NA	13.0440376145037	NA	16.6570494260331	NA	15.8999999724982	13.3563372721408	NA	NA	16.0595349575029	NA	NA	28.0989766388451
LH82_PHG47-20/PHB47	NA	12.9304014361718	NA	NA	NA	13.9256241808162	NA	15.2999999724982	16.6173779892729	15.2484298252758	NA	16.3409527863193	NA	19.4574652146888	27.3032499295448
LH82_PHG47-21/PHB47	NA	12.8580902857986	NA	13.8440376145037	NA	NA	NA	15.4000000275018	17.3751406495639	16.1515701747242	NA	18.7568540738568	NA	20.2521855342839	26.2679535785221
LH82_PHG47-22/PHB47	NA	13.7472241634802	NA	13.9440376145037	NA	14.3615789943949	NA	NA	16.1498431348131	NA	NA	16.9907668167099	NA	NA	29.9975716220715
LH82_PHG47-23/PHB47	NA	13.4472241634802	NA	14.555962385496	NA	14.7280503537914	NA	15.5000000275018	14.4406842854079	16.5515701747242	NA	NA	NA	19.1231297066071	26.2369489415922
LH82_PHG47-24/PHB47	NA	NA	NA	13.3440376145037	NA	NA	NA	15.7000000275018	15.5563372721408	16.2515701747242	NA	18.6183341133767	NA	20.9521855342839	30.5264080298556
LH82_PHG47-25/PHB47	NA	13.2522077767379	NA	14.3440376145037	NA	14.4657248347061	NA	16.0000000275018	NA	NA	NA	18.5602510203504	NA	NA	NA
LH82_PHG47-3/PHB47	NA	NA	NA	NA	NA	14.2615789943949	NA	15.4999999724982	14.2997938022227	15.8515701747242	NA	15.1602510203504	NA	19.5233797439832	26.0982231721363
LH82_PHG47-4/PHB47	NA	6.95303092558784	NA	14.1440376145037	NA	14.7113271330846	NA	15.9999999724982	15.4739211787272	15.7515701747242	NA	17.0595349575029	NA	19.1231297066071	26.1667692254142
LH82_PHG47-5/PHB47	NA	14.1052424343805	NA	13.1440376145037	NA	14.2615789943949	NA	15.8999999724982	15.3116410012058	16.2515701747242	NA	15.8873551686148	NA	NA	33.8660421487734
LH82_PHG47-6/PHB47	NA	12.6517026923621	NA	13.955962385496	NA	NA	NA	15.4000000275018	14.1240915284444	NA	NA	NA	NA	19.5231297066071	25.5488487930075
LH82_PHG47-7/PHB47	NA	13.235875114807	NA	13.555962385496	NA	15.2396255662188	NA	15.7000000275018	14.0175154172178	15.9515701747242	NA	16.7022816103476	NA	19.0574652146888	27.7264080298556
LH82_PHG47-8/PHB47	NA	15.3052424343805	NA	NA	NA	14.1429691128523	NA	15.4000000275018	13.5498431348131	NA	NA	16.0282078594966	NA	19.4233797439832	28.5679535785221
LH82_PHG47-9/PHB47	NA	NA	NA	13.5440376145037	NA	14.3342617986425	NA	14.9999999724982	14.1751406495639	15.1484298252758	NA	16.0183341133767	NA	16.473458835451	21.7595011704297
MO44_LH145_0127/PHB47	NA	13.2580902857986	12.9829335522744	13.955962385496	13.877563345006	14.9735860365191	15.4760045063245	15.75	15.1986205146241	16.35	16.5306810164601	17.561618065878	18.1173997196351	19.9011009054668	30.3429461755457
MO44_PHG47_0072/PHB47	13.75	17.6883452412054	NA	14.5499999999999	14.4885785418679	14.1539239175808	14.0257238703985	16.15	17.1611290619028	16.8515701747242	NA	17.4390609926624	19.4173998653159	20.4346803766686	28.703576332773
MOG_LH123HT-031-1-1-1-1-B/PHB47	NA	NA	15.7829335522744	NA	15.4906834453909	NA	NA	NA	NA	NA	18.5673907525104	NA	21.4826001868852	NA	NA
NYH-029/PHB47	NA	NA	NA	NA	NA	NA	NA	15.8999999724982	17.3175154172178	16.5484298252758	NA	16.9251604309475	NA	18.6287429754826	28.9019307361153
NYH-052/PHB47	NA	NA	NA	NA	NA	NA	NA	15.9000000275018	19.1870508694594	15.4484298252758	NA	17.0833392402665	NA	20.8368420715312	NA
NYH-055/PHB47	NA	NA	NA	NA	NA	NA	NA	15.9000000275018	17.5802292830123	16.5484298252758	NA	18.0595349575029	NA	18.6464245990576	28.9032499295448
NYH-061/PHB47	NA	NA	NA	NA	NA	NA	NA	16.8000000275018	17.8214165113811	17.9484298252758	NA	17.9904940626355	NA	20.446633935876	27.2488487930075
NYH-081/PHB47	NA	NA	NA	NA	NA	NA	NA	15.8999999724982	18.7399673467078	17.3484298252758	NA	20.0904940626355	NA	20.7538887260065	28.1052219294307
NYH-128/PHB47	NA	NA	NA	NA	NA	NA	NA	16.6999999724982	17.9611290619028	16.4515701747242	NA	16.8183341133767	NA	21.5377725837452	29.511373222832
NYH-129/PHB47	NA	NA	NA	NA	NA	NA	NA	16.0000000275018	NA	NA	NA	16.8282078594966	NA	19.5537401826408	28.9975716220715
NYH-167/PHB47	NA	NA	NA	NA	NA	NA	NA	15.5000000275018	18.6739211787272	16.0484298252758	NA	19.4261138202635	NA	19.6521855342839	30.3950626061957
NYH-211/PHB47	NA	NA	NA	NA	NA	NA	NA	17.2999999724982	17.1406842854079	NA	NA	17.5183341133767	NA	19.8464245990576	30.9559569113826
NYH-229/PHB47	NA	NA	NA	NA	NA	NA	NA	16.3999999724982	19.4173779892729	17.2515701747242	NA	15.8602510203504	NA	19.9287429754826	31.9989766388451
NYH-240/PHB47	NA	NA	NA	NA	NA	NA	NA	16.6999999724982	16.9997938022227	16.3484298252758	NA	18.6261138202635	NA	19.5287429754826	30.5711140838258
NYH-244/PHB47	NA	NA	NA	NA	NA	NA	NA	16.4000000275018	16.7103234693849	15.9515701747242	NA	17.5530989830862	NA	20.8301358143418	37.8711140838258
NYH-245/PHB47	NA	NA	NA	NA	NA	NA	NA	16.7000000275018	16.8103234693849	16.9484298252758	NA	18.897173950575	NA	20.673458835451	34.1429461755457
NYH-250/PHB47	NA	NA	NA	NA	NA	NA	NA	17.0000000275018	19.4997938022227	16.1515701747242	NA	15.9833392402665	NA	20.3233797439832	32.1052219294307
NYH-251/PHB47	NA	NA	NA	NA	NA	NA	NA	17.5999999724982	17.1103234693849	17.3484298252758	NA	18.0251604309475	NA	20.9368420715312	32.2950626061957
NYH-258/PHB47	NA	NA	NA	NA	NA	NA	NA	17.0999999724982	17.4498431348131	16.7484298252758	NA	17.3409527863193	NA	20.4728623875329	30.1975716220715
NYH-269/PHB47	NA	NA	NA	NA	NA	NA	NA	17.2000000275018	18.6751406495639	15.4515701747242	NA	16.6197790525073	NA	20.7537401826408	31.5264080298556
OH43/PHB47	NA	NA	12.981461384937	NA	NA	NA	NA	NA	16.7214165113811	17.2515701747242	17.9780705076722	17.597173950575	NA	21.2119374953127	31.0711140838258
PH207_PHG47-1/PHB47	12.9	NA	NA	NA	14.0708383295697	NA	NA	NA	13.1207537900715	15.0484298252758	NA	15.6907668167099	NA	19.7112008467324	30.1679535785221
PH207_PHG47-10/PHB47	12.6	NA	NA	NA	13.8801601459547	NA	14.7891104255047	14.8000000275018	NA	NA	NA	16.961618065878	NA	NA	25.5982231721363
PH207_PHG47-11/PHB47	13.2	NA	NA	NA	13.4672849381241	NA	12.313665763655	14.9999999724982	13.7870508694594	15.6515701747242	NA	NA	NA	20.3955068636758	NA
PH207_PHG47-12/PHB47	NA	NA	NA	NA	NA	NA	NA	16.8000000275018	NA	NA	NA	20.0595349575029	NA	22.1325279723426	32.4989766388451
PH207_PHG47-13/PHB47	13.5	NA	NA	NA	14.2157196047435	NA	18.0814812180731	NA	NA	16.0484298252758	NA	16.9197790525073	NA	17.3955068636758	NA
PH207_PHG47-15/PHB47	NA	NA	NA	NA	14.8801601459547	NA	NA	16.2999999724982	14.4240915284444	16.6484298252758	NA	18.7197790525073	NA	19.0574652146888	34.4429461755457
PH207_PHG47-16/PHB47	14	NA	NA	NA	13.5609270804466	NA	17.513665763655	14.9000000275018	NA	NA	NA	17.0282078594966	NA	19.6966924829272	NA
PH207_PHG47-18/PHB47	13.2	NA	NA	NA	14.2801601459547	NA	NA	15.9999999724982	14.1563372721408	16.2484298252758	NA	18.4907668167099	NA	18.9377725837452	28.5982231721363
PH207_PHG47-2/PHB47	12.9	NA	NA	NA	14.0925069581929	NA	16.2798303315595	15.4999999724982	14.0739211787272	NA	NA	18.6984802690142	NA	21.7301358143418	29.411373222832
PH207_PHG47-22/PHB47	12.9	NA	NA	NA	14.8307911317408	NA	NA	15.3000000275018	15.0870508694594	16.9515701747242	NA	NA	NA	18.1325279723426	29.0660421487734
PH207_PHG47-23/PHB47	NA	NA	NA	NA	14.1925069581929	NA	14.5840910876116	NA	16.1498431348131	16.1484298252758	NA	15.8602510203504	NA	NA	33.5667692254142
PH207_PHG47-24/PHB47	13	NA	NA	NA	14.7708383295697	NA	NA	15.8000000275018	NA	16.0515701747242	NA	NA	NA	17.7368420715312	NA
PH207_PHG47-25/PHB47	12.9	NA	NA	NA	14.2864736383448	NA	13.7840910876116	15.2000000275018	14.1399673467078	15.6484298252758	NA	17.8833392402665	NA	NA	26.9711140838258
PH207_PHG47-3/PHB47	12.9	NA	NA	NA	14.2157196047435	NA	12.913665763655	16.4999999724982	14.2361119673453	NA	NA	16.3907668167099	NA	21.6231297066071	30.4982231721363
PH207_PHG47-6/PHB47	13	NA	NA	NA	13.9306407952494	NA	14.5798303315595	NA	15.7870508694594	18.1484298252758	NA	18.7197790525073	NA	20.0287429754826	NA
PH207_PHG47-7/PHB47	13.4	NA	NA	NA	14.0268621292014	NA	NA	14.6999999724982	NA	16.1515701747242	NA	NA	NA	18.773458835451	NA
PH207_PHG47-8/PHB47	13	NA	NA	NA	14.1801601459547	NA	16.8298630032085	15.0999999724982	15.7751406495639	NA	NA	18.0022816103476	NA	19.7368420715312	29.7660421487734
PHG47/PHB47	NA	NA	NA	NA	NA	NA	NA	14.9	NA	15.5	NA	15.5776671714355	NA	16.8791810471852	29.3011132841949
PHG72/PHB47	12.8	12.5522077767379	NA	13.955962385496	14.277563345006	14.2330842318171	12.6840910876116	15.0999999724982	18.6173779892729	17.1484298252758	NA	17.1568540738568	18.0826000585092	18.5521855342839	28.2711140838258
PHG80/PHB47	NA	14.9940331723364	14.956105416558	NA	NA	15.0332998757322	NA	NA	NA	18.6515701747242	16.2816947559773	NA	18.7826002085879	NA	NA
PHKE6/PHB47	NA	13.5930334740365	NA	NA	14.1309080623328	NA	NA	NA	13.7681348557333	NA	15.8861839037706	17.3335333032914	NA	NA	29.1599814384166
PHM81/PHB47	NA	NA	NA	14.8440376145037	NA	NA	NA	15.0999999724982	NA	16.5484298252758	NA	NA	18.0173998848914	NA	NA
PHN11_LH145_0003/PHB47	NA	12.3522077767379	NA	NA	14.1925069581929	NA	NA	14.9999999724982	13.4802292830123	15.9484298252758	NA	NA	NA	18.0119374953127	NA
PHN11_LH145_0028/PHB47	13	NA	NA	13.655962385496	NA	NA	12.3840910876116	14.8999999724982	13.0116410012058	NA	NA	17.3984802690142	16.7826001705723	NA	23.0711140838258
PHN11_LH145_0085/PHB47	12.9	14.5580902857986	NA	13.6440376145037	13.8784127746124	14.0687997938489	NA	NA	14.7399673467078	16.0515701747242	NA	16.6984802690142	17.5826001955376	NA	27.3559569113826
PHN11_OH43_0001/PHB47	NA	NA	NA	13.155962385496	13.5784127746124	14.4657248347061	NA	15.95	13.1698805744652	15.9	NA	18.2261073408611	NA	21.3350068399296	29.0641693829854
PHN11_OH43_0036/PHB47	14.1	NA	NA	15.8440376145037	14.1801601459547	14.1330842318171	14.9298630032085	15.8000000275018	NA	NA	NA	21.3530989830862	19.5826000585092	NA	29.3488487930075
PHN11_OH43_0075/PHB47	NA	NA	NA	NA	NA	NA	NA	NA	13.610219148593	16.9515701747242	NA	16.7873551686148	NA	21.7119374953127	32.1052219294307
PHN11_OH43_0088/PHB47	14.85	14.158741051122	NA	14.8999999999999	14.4546604184726	14.0027229895815	NA	17.8000000275018	NA	17.4484298252758	NA	20.3508366768216	19.8999999276554	23.6574652146888	31.3667692254142
PHN11_OH43_0184/PHB47	NA	18.9131223464705	NA	14.455962385496	14.0609270804466	NA	NA	16.1999999724982	NA	NA	NA	17.761618065878	18.7173997935391	19.4119374953127	NA
PHN11_OH43_0215/PHB47	NA	NA	NA	NA	14.277563345006	14.7113271330846	13.515714701658	16.3000000275018	16.6997938022227	16.4484298252758	NA	NA	NA	20.8233797439832	NA
PHN11_PHG47_0048/PHB47	NA	13.5131223464704	NA	NA	14.2268621292014	NA	14.5197799095263	NA	NA	NA	NA	17.497173950575	19.9826002151131	NA	29.2019307361153
PHN11_PHG47_0251/PHB47	13	13.3725854759354	NA	13.0999999999999	13.9359365637619	14.4771481229685	14.2431576888703	NA	NA	NA	NA	17.4892925668636	17.3499999597853	17.3537401826408	27.4088575498232
PHN11_PHG47_0287/PHB47	12.8	NA	NA	NA	14.285399489179	14.1735860365191	14.113665763655	15.9999999724982	NA	15.9484298252758	NA	NA	18.4826001999356	NA	NA
PHN11_PHG47_0388/PHB47	NA	NA	NA	NA	13.8268621292014	NA	NA	15.7000000275018	14.7207537900715	NA	NA	16.6602510203504	NA	21.6119374953127	32.1982231721363
PHN11_PHG47_0390/PHB47	NA	14.1522077767379	NA	14.4440376145037	NA	NA	NA	15.8000000275018	NA	NA	NA	20.0251604309475	NA	NA	30.5559569113826
PHN11_PHW65_0015/PHB47	13.55	13.6147466649461	15.1820260770086	15.0999999999999	14.2354598664027	14.5910899050349	16.7454857319156	16.2	NA	17.9484298252758	16.7816947559773	18.5530989830862	19.1000000848271	NA	NA
PHN11_PHW65_0065/PHB47	NA	NA	NA	15.3440376145037	NA	14.5113271330846	16.5197799095263	NA	NA	17.9515701747242	NA	NA	17.9826001955376	23.0287429754826	NA
PHN11_PHW65_0237/PHB47	14.2	12.6631640801653	NA	15.855962385496	15.5157196047435	14.5615789943948	23.5138911720247	17.5999999724982	NA	NA	NA	NA	20.4826001705723	NA	NA
PHN11_PHW65_0294/PHB47	NA	NA	NA	15.555962385496	14.0523831569424	NA	NA	17.4999999724982	NA	NA	NA	NA	18.9826003728524	23.4538887260065	NA
PHN11_PHW65_0323/PHB47	13.8	13.2242508955117	14.2829335522744	15.555962385496	13.9157196047435	14.3615789943949	16.6760045063245	16.1000000275018	19.4802292830123	17.3484298252758	16.2673907525104	17.6833392402665	19.4173998664513	22.9301358143418	34.9989766388451
PHN11_PHW65_0359/PHB47	16.5	14.0524395868991	NA	15.555962385496	NA	NA	NA	18.9999999724982	NA	NA	NA	NA	NA	21.6154720273307	NA
PHP02/PHB47	13.15	12.8463045987935	NA	13.4999999999999	14.3708383295697	14.3256241808162	13.9149669575066	15.75	14.5802292830123	16.0515701747242	17.0461072570651	17.5793960082265	19.2499999967373	20.4210703997759	29.1554498770339
PHW65_MOG_0137/PHB47	16.2	13.2131223464704	NA	16.5440376145037	14.4906834453909	14.1997747008065	NA	NA	NA	NA	NA	NA	21.0173997783616	NA	NA
PHW65_MOG_0271/PHB47	15	13.8810835934975	NA	15.355962385496	14.9307911317408	14.8332998757322	NA	NA	NA	NA	NA	NA	NA	NA	NA
PHW65_MOG_0311/PHB47	14.3	16.8930334740365	NA	17.355962385496	15.1157196047435	16.1396255662189	NA	NA	NA	NA	NA	NA	19.9173998664513	NA	NA
PHZ51/PHB47	13.8	12.6304014361718	13.5899020803745	14.055962385496	14.3925069581929	NA	13.5896262982227	NA	NA	NA	15.3816947559773	NA	18.0826001955376	NA	NA
Q381/PHB47	13	13.4451397270184	NA	13.055962385496	14.4296888008435	13.8113271330846	14.2866007565582	NA	NA	NA	NA	16.6873551686148	17.9826003728524	18.4537401826408	28.8264080298556
SD101/PHB47	NA	NA	NA	NA	NA	NA	NA	NA	21.4368576307069	17.45	NA	16.8293960082265	20.8173997196351	21.4127177292049	31.2305894204067
TX204/PHB47	NA	15.9031987879646	17.2567121218397	15.2440376145037	NA	13.8280503537914	NA	NA	NA	NA	17.1147521522771	NA	20.1499999804244	NA	NA
TX303/PHB47	NA	17.2580902857986	16.3003730585026	NA	15.0784127746124	NA	NA	22.1999999724982	26.3751406495639	17.7484298252758	17.8100084517966	28.8251604309475	NA	25.6464245990576	37.9370435347742
W10001_0003/PHB47	13.6	NA	13.8577173507184	NA	15.285399489179	14.5798217983468	12.7807199241682	17.0999999724982	NA	NA	16.4488941133464	NA	19.4826002151131	21.9537401826408	NA
W10001_0006/PHB47	NA	NA	12.3432239565835	13.5440376145037	NA	NA	NA	NA	NA	16.9484298252758	15.7433204007837	17.2261138202635	NA	NA	25.2989766388451
W10001_0007/PHB47	14.2	12.8930334740365	12.0432239565835	NA	15.8268621292014	14.0564939172974	NA	15.5000000275018	17.1103234693849	18.7484298252758	15.2119076706801	17.5889418227703	19.7826001955376	NA	NA
W10001_0009/PHB47	NA	NA	14.6313981666707	NA	NA	NA	14.1175956059491	NA	NA	NA	18.4398831758567	NA	NA	21.6119374953127	30.1975716220715
W10001_0012/PHB47	NA	NA	13.3787535779617	14.0440376145037	NA	NA	14.2840910876116	NA	14.9116410012058	17.2484298252758	16.4978394953045	NA	16.7173998273003	22.4966924829273	27.1032499295448
W10001_0013/PHB47	13.8	12.4930334740365	13.0472665071018	NA	NA	NA	NA	15.9000000275018	NA	16.1484298252758	16.6433204007837	16.3282078594966	NA	18.6966924829272	NA
W10001_0014/PHB47	13.3	NA	15.8899020803745	NA	14.5316402851824	NA	14.2138911720247	15.2999999724982	18.2802292830123	NA	17.9306810164601	NA	17.4826001705723	NA	25.1052219294307
W10001_0018/PHB47	NA	12.4517026923621	NA	NA	13.4395536069229	NA	16.3900401264962	15.6000000275018	15.5751406495639	15.9484298252758	NA	16.8183341133767	NA	20.2574652146888	NA
W10001_0019/PHB47	13.3	NA	13.4484122613137	13.0440376145037	NA	14.6564939172974	NA	NA	15.8207537900715	17.1515701747242	14.742017784153	18.1984802690142	18.5826002521369	19.3574652146888	27.9370435347742
W10001_0022/PHB47	13.45	12.5930334740365	13.6787535779617	13.4999999999999	14.7782754650224	14.571022500661	15.6814812180731	16.5	17.2116410012058	16.6484298252758	16.4026288408644	17.4282078594966	18.7500000212067	21.146633935876	28.6264080298556
W10001_0031/PHB47	13.2	13.6453850341069	14.4484122613137	NA	NA	14.884995575289	NA	15.9000000275018	19.9240915284444	NA	15.8780705076723	18.1889418227703	NA	18.0112008467324	31.3488487930075
W10001_0033/PHB47	NA	NA	14.4820260770086	NA	14.785399489179	NA	14.6798303315595	15.6000000275018	NA	NA	15.5100084517965	NA	18.1826001868852	NA	NA
W10001_0047/PHB47	13.8	NA	NA	14.2440376145037	NA	14.9657248347061	NA	NA	20.3664522931264	17.2515701747242	NA	17.1602510203504	NA	19.4377725837452	30.3052219294307
W10002_0001/PHB47	NA	NA	NA	NA	15.4784127746124	NA	NA	16.6999999724982	15.1611290619028	14.9484298252758	NA	NA	19.2173997935391	NA	32.1559569113826
W10002_0002/PHB47	13.4	NA	NA	NA	NA	NA	16.3780662895279	15.4999999724982	NA	NA	NA	16.3530989830862	NA	19.0231297066071	28.3595011704297
W10005_0029/PHB47	13.6	NA	NA	13.6440376145037	13.6306407952494	NA	13.9516460309389	15.55	8.8124918921885	16.5	NA	16.7079636238287	17.4173998653159	19.5739999998366	27.9044941621595
W10005_0037/PHB47	13.7	12.9031987879646	NA	14.2440376145037	14.3306407952494	13.7657248347061	13.8814812180731	15.5999999724982	NA	NA	NA	16.1530989830862	18.2825999932575	18.7112008467324	32.311373222832
W10005_0107/PHB47	12.95	13.1122173042541	13.1074539472074	13.1499999999999	15.600861213987	14.1294620282742	NA	15.0999999724982	NA	16.3484298252758	17.1306810164601	16.561618065878	17.2499999918435	NA	29.2032499295448
W10005_0111/PHB47	13.7	13.8524395868991	14.3313981666707	14.8440376145037	14.6296888008435	15.4564939172974	13.4175956059491	NA	NA	NA	16.6433204007837	NA	18.0173998664513	NA	NA
W10005_0147/PHB47	13	13.0027352562434	NA	13.5499999999999	14.3316726438813	14.2951746508827	16.8526704999404	15.0999999724982	NA	15.8484298252758	NA	17.3568540738568	17.200000011419	20.6154720273307	28.511373222832
W10005_0220/PHB47	14.9	13.935875114807	NA	14.7440376145037	15.0395536069229	14.2280503537914	NA	15.7000000275018	15.5664522931264	NA	NA	16.7282078594966	17.9173998620534	20.7287429754826	31.1019307361153
W10006_0003/PHB47	13.3	13.2304014361718	NA	13.655962385496	14.485399489179	14.7541294562785	NA	15.4999999724982	NA	15.4515701747242	NA	16.697173950575	16.2173998848914	20.7368420715312	29.0088575498232
W10006_0004/PHB47	NA	12.6968366626743	NA	13.0440376145037	14.5307911317408	15.4342617986425	15.0101088857419	14.9999999724982	NA	16.0484298252758	NA	17.6022816103476	17.3826001955376	17.8112008467324	27.0370435347742
W10008_0001/PHB47	12.6	NA	14.060319758711	15.2440376145037	14.485399489179	14.6541294562785	NA	16.5000000275018	NA	17.2515701747242	16.5861839037706	NA	NA	NA	32.4975716220715
W10008_0017/PHB47	NA	13.7031987879646	13.0067510140288	13.8440376145037	NA	14.7798217983469	NA	15.5000000275018	NA	16.0484298252758	17.158435615363	NA	NA	20.4325279723426	26.5667692254142
W10008_0018/PHB47	12.9	NA	13.9067510140288	NA	13.7708383295697	NA	13.5138911720247	NA	14.8361119673453	NA	16.2119076706801	17.2251604309475	16.9173998620534	NA	NA
W10008_0037/PHB47	NA	NA	NA	NA	NA	NA	NA	NA	NA	18.6515701747242	NA	18.3907668167099	18.2826001705723	21.4728623875329	NA
W10008_0042/PHB47	NA	NA	NA	NA	14.3306407952494	16.084995575289	NA	NA	20.9175154172178	NA	NA	18.6183341133767	NA	NA	31.3032499295448
W10008_0053/PHB47	NA	NA	NA	17.855962385496	NA	NA	14.415714701658	NA	NA	NA	NA	NA	NA	24.1287429754826	30.2052219294307
W10008_0059/PHB47	13.8	14.0131223464704	13.981461384937	NA	NA	NA	14.1257238703985	16.5999999724982	14.7563372721408	16.6515701747242	17.4398831758567	19.1022816103476	NA	NA	NA
W10008_0069/PHB47	13.45	13.5787251055592	14.4313981666707	15.6499999999999	14.6096845436971	14.3590364558461	14.0020386915057	16.95	22.0173779892729	16.8484298252758	15.713699447386	19.511261895403	18.4499999826234	21.746633935876	NA
W10008_0092/PHB47	NA	NA	NA	NA	14.1925069581929	NA	NA	NA	24.6103234693849	18.9515701747242	NA	NA	18.6173997935391	24.1955068636758	NA
W10008_0099/PHB47	14	13.0453850341069	12.6227774770766	NA	NA	NA	15.0814812180731	NA	NA	16.6515701747242	16.6816947559773	18.2873551686148	NA	21.7154720273307	31.8679535785221
W10008_0119/PHB47	NA	NA	14.1787535779617	NA	15.8307911317408	14.9615789943949	NA	18.4999999724982	20.6406842854079	18.2484298252758	18.9238090498732	NA	20.5173997968017	23.773458835451	33.2982231721363
W37A/PHB47	13.2	13.3522077767379	NA	15.1440376145037	NA	14.5256241808162	NA	15.8000000275018	16.0173779892729	15.9515701747242	NA	19.6833392402665	NA	21.5538887260065	28.2369489415922
