line_code	GAH1_15	DEH1_15	OHH1_15	INH1_15	ILH1_15	TXH1_15	SDH1_15	MOH2_15	MNH1_15	MOH1_15	NYH3_15	ONH2_15	TXH2_15	NYH2_15	ONH1_15
B118/PHB47	NA	60.374306341878	60.7686541604833	NA	NA	NA	NA	NA	NA	NA	71.4680892455751	76.1664969585813	72.9999999776579	NA	83.3720272433235
B97/PHB47	54	60.4121989122814	60.3633772084893	65.0832541611414	64.5122006111596	63.5	67.1113613936753	69.5853230906836	69	72.8266939377169	68.557026409702	74.4156754229705	69.5	83.7553791922483	83.8165143145778
CG106/PHB47	NA	NA	58.7686541604833	NA	NA	NA	63.1020851518618	NA	64.9324904413629	NA	69.4723252199118	68.9383493029843	NA	75.5976577936683	79.9284899620168
CG108/PHB47	NA	NA	58.026072845097	NA	NA	NA	63.9219462575002	NA	NA	NA	70.1621773754241	NA	NA	73.1545977936911	80.5220966443219
CG110/PHB47	NA	NA	NA	NA	NA	NA	64.4250409131652	NA	63.9324904413629	NA	67.557026409702	70.4874443326375	NA	74.1969359530702	84.1100966620028
CG111/PHB47	NA	NA	NA	NA	NA	NA	62.8529027454111	NA	65.0675095586372	NA	70.1043099498696	69.1892095099971	NA	75.1353463262415	80.2349880998774
CG122/PHB47	NA	NA	NA	NA	NA	NA	66.1836926225916	NA	65.9324904413629	NA	68.1621773754241	71.6874916518838	NA	75.6269503667293	81.8482443624864
CG123/PHB47	NA	NA	NA	NA	NA	NA	66.7152671490148	NA	65.9324904413629	NA	69.1621773754241	70.8388608895795	NA	78.5819785252587	79.5772824063421
CG124/PHB47	NA	NA	58.2622239842029	NA	NA	NA	65.6827333527985	NA	71.0675095586372	NA	69.1335633846561	70.7628963551267	NA	76.8199144524993	82.8471702693824
CG125/PHB47	NA	NA	NA	NA	NA	NA	67.3512675583125	NA	64.9324904413629	NA	69.1335633846561	71.2740869887657	NA	75.6111275458072	81.8471702693824
CG126/PHB47	NA	NA	NA	NA	NA	NA	62.8529027454111	NA	64.0675095586372	NA	69.4873097878522	68.8388608895795	NA	74.6269503667293	79.8481660806821
CG127/PHB47	NA	NA	NA	NA	63.5283202026578	NA	65.3666214547982	NA	63.9324904413629	NA	69.8238207746227	70.4177640569928	NA	78.5871821019654	80.4100653483439
CG60/PHB47	NA	NA	NA	NA	NA	NA	NA	NA	70.9324904413629	NA	70.4412799934909	71.5299491662402	NA	75.8996308386894	80.3467623126535
CGR03/PHB47	NA	NA	NA	NA	NA	NA	70.1673484735319	NA	71.9324904413629	NA	74.5057416154188	76.6846517641307	NA	80.5819785252587	84.3901803388099
CML228/PHB47	NA	66.6660845434596	NA	74.8413325144035	NA	NA	NA	77.2748367356511	NA	80.5549409183274	NA	NA	NA	NA	NA
GT601/PHB47	58	NA	NA	NA	NA	67.5	NA	72.8393691126061	NA	NA	NA	NA	76	NA	NA
H95/PHB47	58	NA	NA	68.4022530895729	NA	68	NA	72.2748367356511	NA	NA	NA	NA	76	NA	NA
KY21/PHB47	61	NA	NA	NA	73.5518164487405	70	NA	72.8545354530358	NA	NA	NA	NA	78	NA	NA
LH162/PHB47	NA	59.8857143560251	59.7651486273218	NA	NA	NA	NA	65.7520205346564	NA	70.0812974856586	NA	NA	NA	NA	NA
LH38/PHB47	54	NA	62.3542037561177	63.117294075027	NA	66	66.5090342521826	69.6185293003301	67.9324904413629	NA	NA	74.449741981016	71.5	78.0047898961292	NA
LH51/PHB47	NA	NA	NA	NA	68.5500247608267	NA	70.9789330763637	NA	73.0000000000001	NA	NA	77.9469340344233	NA	82.090165210289	NA
LH57/PHB47	NA	NA	NA	66.1916687260734	NA	NA	67.1113613936753	NA	67.0000000000001	NA	NA	72.8617791892922	NA	77.9051199875475	NA
LH61/PHB47	NA	57.8512050726226	57.7686541604832	NA	NA	NA	NA	NA	NA	72.1390745923256	NA	70.5143668141729	NA	77.9711972466687	NA
LH82_PH207-10/PHB47	NA	NA	59.8534047447588	NA	NA	NA	66.6827333527985	NA	67.0675095586372	NA	73.5117720484426	NA	NA	NA	81.2796975176915
LH82_PH207-11/PHB47	NA	60.1361787413428	60.8534047447588	64.4022530895729	63.5500247608267	NA	67.0179757605816	NA	66.0675095586372	NA	73.4680892455751	NA	NA	NA	NA
LH82_PH207-12/PHB47	NA	NA	58.8934681525654	61.2697289202263	63.5500247608267	NA	66.6918641477566	NA	72.0675095586372	NA	71.4873097878522	NA	NA	NA	NA
LH82_PH207-13/PHB47	NA	60.374306341878	61.7823267521288	64.117294075027	64.4949929414116	NA	67.3512675583125	NA	66.9324904413629	NA	70.4257905063606	NA	NA	NA	85.2601484803502
LH82_PH207-14/PHB47	NA	59.8162790763634	NA	NA	63.5518164487405	NA	67.1836926225916	NA	NA	NA	70.4144707414066	NA	NA	NA	83.2796975176915
LH82_PH207-15/PHB47	NA	NA	61.4321757616589	67.117294075027	66.442523411912	NA	67.2604354184777	NA	67.9324904413629	NA	78.1335633846561	NA	NA	NA	83.8482443624864
LH82_PH207-16/PHB47	NA	59.0981705942185	58.2288590432031	63.2697289202263	62.5809152493928	NA	NA	NA	63.9324904413629	NA	71.3562484689144	NA	NA	NA	80.515129479407
LH82_PH207-17/PHB47	NA	59.3382036379701	NA	NA	NA	NA	66.4238130885185	NA	73.0675095586372	NA	67.6469975521123	NA	NA	NA	84.5562495777287
LH82_PH207-18/PHB47	NA	NA	61.4456115431931	63.8430044831655	63.5051316147375	NA	66.7152671490148	NA	70.9324904413629	NA	73.4680892455751	NA	NA	NA	83.3720272433235
LH82_PH207-19/PHB47	NA	57.8162790763634	NA	63.8430044831655	64.5888295606883	NA	66.6918641477566	NA	NA	NA	72.1832826769937	NA	NA	NA	84.515129479407
LH82_PH207-2/PHB47	NA	59.3382036379701	60.7586179789177	65.1916687260734	63.5745654727137	NA	66.9398903921458	NA	71.9324904413629	NA	72.5433315993758	NA	NA	NA	NA
LH82_PH207-22/PHB47	NA	59.8857143560251	58.7303442279429	63.010068737455	62.5818778104071	NA	67.1673484735319	NA	65.9324904413629	NA	70.1832826769937	NA	NA	NA	83.3214973819836
LH82_PH207-23/PHB47	NA	59.3726600927863	62.7823267521288	67.1916687260734	65.5809152493928	NA	67.2604354184777	NA	73.0675095586372	NA	74.6597478058835	NA	NA	NA	82.8476801922471
LH82_PH207-24/PHB47	NA	NA	NA	63.1540300509674	NA	NA	69.8118192907558	NA	70.0675095586372	NA	72.1335633846561	NA	NA	NA	84.5772824063421
LH82_PH207-25/PHB47	NA	59.8162790763634	59.7651486273218	63.117294075027	64.4949929414116	NA	NA	NA	70.0675095586372	NA	72.5433315993758	NA	NA	NA	84.3901803388099
LH82_PH207-4/PHB47	NA	60.1361787413428	61.7686541604833	66.4619928723421	NA	NA	65.4203326484782	NA	70.0675095586372	NA	70.5433315993758	NA	NA	NA	83.5562495777287
LH82_PH207-5/PHB47	NA	NA	60.3177203345429	64.4619928723421	64.4182208533371	NA	68.1673484735319	NA	70.9324904413629	NA	73.1043099498696	NA	NA	NA	NA
LH82_PH207-6/PHB47	NA	59.8857143560251	NA	66.6007049885251	64.4333845369542	NA	67.0179757605816	NA	70.0675095586372	NA	NA	NA	NA	NA	83.8471702693824
LH82_PH207-7/PHB47	NA	60.374306341878	59.4119427107824	63.784616942937	63.4346573152778	NA	67.0179757605816	NA	66.0675095586372	NA	74.4144707414066	NA	NA	NA	81.2428482903457
LH82_PH207-8/PHB47	NA	NA	59.7874292939791	NA	NA	NA	NA	NA	69.9324904413629	NA	70.4257905063606	NA	NA	NA	81.515129479407
LH82_PH207-9/PHB47	NA	NA	58.7823267521288	NA	64.4029197848461	NA	67.2604354184777	NA	64.9324904413629	NA	NA	NA	NA	NA	80.2796975176915
LH82_PHG47-1/PHB47	NA	NA	NA	NA	NA	NA	63.2810010838638	NA	70.0675095586372	NA	70.5057416154188	71.2740869887657	NA	81.8996308386894	80.5772824063421
LH82_PHG47-10/PHB47	NA	NA	62.3177203345429	NA	66.5029690269561	NA	61.8529027454111	NA	70.0675095586372	NA	70.4665433362432	75.2092163047159	NA	80.7567016577238	82.2428482903457
LH82_PHG47-11/PHB47	NA	NA	62.7874292939791	NA	65.4333845369542	NA	67.8118192907558	NA	72.9324904413629	NA	69.6469975521123	75.9606620234577	NA	78.6269503667293	84.3046240423312
LH82_PHG47-12/PHB47	NA	NA	59.7586179789177	NA	63.5556265739317	NA	66.5090342521826	NA	NA	NA	71.2775045052076	73.1892095099971	NA	78.8199144524993	80.7203676915148
LH82_PHG47-13/PHB47	NA	NA	60.8534047447588	NA	63.5818778104071	NA	63.2761540706855	NA	66.0675095586372	NA	68.6586448603266	71.1480364621019	NA	NA	83.3720272433235
LH82_PHG47-14/PHB47	NA	NA	63.4530878003516	NA	65.5283202026578	NA	NA	NA	70.9324904413629	NA	74.2775045052076	74.2119923101482	NA	77.8199144524993	83.8476801922471
LH82_PHG47-15/PHB47	NA	NA	62.3177203345429	NA	65.5818778104071	NA	67.2761540706855	NA	71.0675095586372	NA	71.1621773754241	NA	NA	80.9552579765277	NA
LH82_PHG47-16/PHB47	NA	NA	NA	NA	NA	NA	66.5090342521826	NA	NA	NA	74.3562484689144	72.7783315848724	NA	NA	82.3214973819836
LH82_PHG47-17/PHB47	NA	NA	63.1432367183084	NA	65.441168680509	NA	70.4203326484782	NA	69.9324904413629	NA	76.1832826769937	NA	NA	79.6111275458072	83.8481660806821
LH82_PHG47-18/PHB47	NA	NA	60.8534047447588	NA	63.4182208533371	NA	66.8714552290381	NA	74.0675095586372	NA	68.2976528877114	71.1237615818608	NA	75.8796735275481	NA
LH82_PHG47-19/PHB47	NA	NA	60.8934681525654	NA	64.442523411912	NA	NA	NA	66.9324904413629	NA	NA	75.8388608895795	NA	77.889507432861	82.515129479407
LH82_PHG47-2/PHB47	NA	NA	61.7874292939791	NA	65.5029690269561	NA	67.1673484735319	NA	71.0675095586372	NA	69.1621773754241	NA	NA	NA	81.9745216871406
LH82_PHG47-20/PHB47	NA	NA	NA	NA	63.5518164487405	NA	65.9398903921458	NA	70.0675095586372	NA	70.4257905063606	70.6846517641307	NA	77.5819785252587	80.8471702693824
LH82_PHG47-21/PHB47	NA	NA	61.7874292939791	NA	NA	NA	70.8710331746147	NA	65.9324904413629	NA	74.4144707414066	76.2092163047159	NA	80.889507432861	82.2349880998774
LH82_PHG47-22/PHB47	NA	NA	62.7586179789177	NA	65.5556265739317	NA	70.2604354184777	NA	NA	NA	75.3562484689144	NA	NA	NA	83.8481660806821
LH82_PHG47-23/PHB47	NA	NA	58.7651486273218	NA	64.441168680509	NA	65.567738444315	NA	62.9324904413629	NA	NA	72.2740869887657	NA	77.8796735275481	80.5772824063421
LH82_PHG47-24/PHB47	NA	NA	59.7586179789177	NA	64.4523800954352	NA	67.1673484735319	NA	65.9324904413629	NA	73.6597478058835	71.2092163047159	NA	77.889507432861	83.2796975176915
LH82_PHG47-25/PHB47	NA	NA	62.026072845097	NA	66.4029197848461	NA	NA	NA	71.9324904413629	NA	75.0085593390672	NA	NA	NA	NA
LH82_PHG47-3/PHB47	NA	NA	NA	NA	NA	NA	67.2810010838638	NA	67.0675095586372	NA	70.0085593390672	76.7783315848724	NA	79.6111275458072	82.2601484803502
LH82_PHG47-4/PHB47	NA	NA	60.1432367183084	NA	64.5029690269561	NA	66.7152671490148	NA	70.0675095586372	NA	69.1621773754241	74.2740869887657	NA	78.6111275458072	83.3214973819836
LH82_PHG47-5/PHB47	NA	NA	59.7586179789177	NA	63.5500247608267	NA	66.5090342521826	NA	70.0675095586372	NA	73.2775045052076	NA	NA	80.7067385480669	84.7203676915148
LH82_PHG47-6/PHB47	NA	NA	61.4321757616589	NA	NA	NA	62.4238130885185	NA	70.9324904413629	NA	NA	74.2740869887657	NA	NA	84.3046240423312
LH82_PHG47-7/PHB47	NA	NA	60.3177203345429	NA	NA	NA	67.1042410969117	NA	71.9324904413629	NA	74.5057416154188	75.6846517641307	NA	77.7067385480669	81.2796975176915
LH82_PHG47-8/PHB47	NA	NA	NA	NA	65.4029197848461	NA	69.2604354184777	NA	70.9324904413629	NA	70.6469975521123	76.7783315848724	NA	NA	83.2349880998774
LH82_PHG47-9/PHB47	NA	NA	58.7586179789177	NA	62.5818778104071	NA	66.8710331746147	NA	71.0675095586372	NA	69.6597478058835	70.8388608895795	NA	77.8199144524993	79.8482443624864
MO44_LH145_0127/PHB47	NA	58.8512050726226	60.3177203345429	NA	NA	NA	67.616075969617	66.67154862657	70.5000000000001	70.5779022197865	70.6586448603266	70.0312407650526	NA	78.6223386516572	83.5562495777287
MO44_PHG47_0072/PHB47	NA	60.6660845434596	62.6071328518382	65.7603811060066	65.5818778104071	NA	67.4203326484782	NA	75.0000000000001	74.6827496711469	74.316876487061	74.9988456771597	NA	80.7067385480669	83.5452642412964
MOG_LH123HT-031-1-1-1-1-B/PHB47	NA	61.2951748257341	NA	NA	NA	67.5	NA	73.6964506199893	NA	74.8487309281817	NA	NA	NA	NA	NA
NC258/PHB47	62	NA	NA	70.2697289202263	NA	70.5	NA	74.2895390447278	NA	NA	NA	NA	78	NA	NA
NYH-029/PHB47	NA	NA	NA	NA	NA	NA	67.1042410969117	NA	72.0675095586372	NA	70.1043099498696	75.2236206405257	NA	80.5819785252587	85.8476801922471
NYH-052/PHB47	NA	NA	NA	NA	NA	NA	72.0179757605816	NA	71.9324904413629	NA	74.4665433362432	75.9606620234577	NA	79.8996308386894	87.8075963119042
NYH-055/PHB47	NA	NA	NA	NA	NA	NA	69.3512675583125	NA	66.9324904413629	NA	70.1621773754241	75.221176084992	NA	82.4176625462069	83.8471702693824
NYH-061/PHB47	NA	NA	NA	NA	NA	NA	66.6918641477566	NA	71.9324904413629	NA	69.6882623130434	74.037837716389	NA	79.8996308386894	83.3046240423312
NYH-081/PHB47	NA	NA	NA	NA	NA	NA	69.6827333527985	NA	66.0675095586372	NA	75.6882623130434	70.1664969585813	NA	77.5819785252587	84.2428482903457
NYH-128/PHB47	NA	NA	NA	NA	NA	NA	67.4203326484782	NA	71.0675095586372	NA	70.6597478058835	73.2119923101482	NA	78.9552579765277	84.5636368353316
NYH-129/PHB47	NA	NA	NA	NA	NA	NA	66.8714552290381	NA	71.9324904413629	NA	67.6469975521123	71.1480364621019	NA	NA	83.8481660806821
NYH-167/PHB47	NA	NA	NA	NA	NA	NA	66.7152671490148	NA	70.9324904413629	NA	75.1832826769937	71.2092163047159	NA	79.4386139296128	87.515129479407
NYH-211/PHB47	NA	NA	NA	NA	NA	NA	68.567738444315	NA	75.0675095586372	NA	73.6597478058835	76.221176084992	NA	NA	83.3720272433235
NYH-229/PHB47	NA	NA	NA	NA	NA	NA	67.9398903921458	NA	73.0675095586372	NA	74.0085593390672	73.2236206405257	NA	79.8796735275481	82.9745216871406
NYH-240/PHB47	NA	NA	NA	NA	NA	NA	67.2810010838638	NA	71.0675095586372	NA	74.1832826769937	74.2236206405257	NA	79.4176625462069	83.8075963119042
NYH-244/PHB47	NA	NA	NA	NA	NA	NA	66.8529027454111	NA	70.9324904413629	NA	70.5117720484426	73.8167413181975	NA	78.1545977936911	83.8075963119042
NYH-245/PHB47	NA	NA	NA	NA	NA	NA	66.8529027454111	NA	72.9324904413629	NA	72.5433315993758	76.8388608895795	NA	79.8628523440079	86.5562495777287
NYH-250/PHB47	NA	NA	NA	NA	NA	NA	67.2810010838638	NA	71.9324904413629	NA	72.4665433362432	76.7783315848724	NA	78.3450464646251	83.2428482903457
NYH-251/PHB47	NA	NA	NA	NA	NA	NA	66.8529027454111	NA	70.0675095586372	NA	72.1043099498696	74.9606620234577	NA	79.8996308386894	86.515129479407
NYH-258/PHB47	NA	NA	NA	NA	NA	NA	65.2604354184777	NA	70.0675095586372	NA	68.4257905063606	70.8706888224833	NA	79.6269503667293	83.8481660806821
NYH-269/PHB47	NA	NA	NA	NA	NA	NA	69.8710331746147	NA	70.9324904413629	NA	73.4873097878522	75.1480364621019	NA	79.8796735275481	84.2796975176915
OH43/PHB47	NA	NA	NA	NA	66.442523411912	NA	66.6918641477566	NA	NA	NA	70.5433315993758	75.9630466363928	NA	78.1545977936911	83.8075963119042
PH207_PHG47-1/PHB47	NA	NA	NA	64.4071940546633	65.5518164487405	NA	63.2761540706855	NA	NA	73.6302368078844	70.3562484689144	69.1237615818608	NA	77.5819785252587	83.2349880998774
PH207_PHG47-10/PHB47	NA	NA	NA	64.8332515187043	66.442523411912	NA	NA	NA	66.9324904413629	73.3440651442571	73.6586448603266	NA	NA	NA	84.2601484803502
PH207_PHG47-11/PHB47	NA	NA	NA	66.784616942937	NA	NA	67.0179757605816	NA	68.0675095586372	NA	NA	70.6874916518838	NA	81.1353463262415	NA
PH207_PHG47-12/PHB47	NA	NA	NA	NA	69.4333845369542	NA	NA	NA	71.9324904413629	73.8607849197587	73.1621773754241	77.1892095099971	NA	NA	85.9745216871406
PH207_PHG47-13/PHB47	NA	NA	NA	66.784616942937	66.4346573152778	NA	NA	NA	NA	71.1390745923256	73.4873097878522	74.6874916518838	NA	81.5819785252587	NA
PH207_PHG47-15/PHB47	NA	NA	NA	NA	65.5500247608267	NA	67.4238130885185	NA	71.0675095586372	71.8487309281817	73.4873097878522	71.6846517641307	NA	78.8199144524993	81.5562495777287
PH207_PHG47-16/PHB47	NA	NA	NA	62.0508479397102	63.5809152493928	NA	NA	NA	63.9324904413629	71.0812974856586	71.6469975521123	69.7628963551267	NA	NA	NA
PH207_PHG47-18/PHB47	NA	NA	NA	63.4619928723421	63.4333845369542	NA	66.1673484735319	NA	73.0675095586372	70.8975626180935	71.3562484689144	71.2119923101482	NA	77.9848508499253	83.2601484803502
PH207_PHG47-2/PHB47	NA	NA	NA	65.117294075027	65.4182208533371	NA	66.7152671490148	NA	71.0675095586372	72.5238507621758	75.2976528877114	70.8167413181975	NA	NA	82.5636368353316
PH207_PHG47-20/PHB47	NA	NA	NA	NA	62.5518164487405	NA	NA	NA	NA	69.4495766583061	68.6882623130434	NA	NA	NA	79.9745216871406
PH207_PHG47-22/PHB47	NA	NA	NA	64.6777577288478	64.4333845369542	NA	67.0179757605816	NA	71.9324904413629	NA	NA	71.1892095099971	NA	79.3450464646251	80.7203676915148
PH207_PHG47-23/PHB47	NA	NA	NA	NA	65.4949929414116	NA	67.2604354184777	NA	NA	72.3440651442571	74.0085593390672	NA	NA	79.6269503667293	83.3214973819836
PH207_PHG47-24/PHB47	NA	NA	NA	55.6777577288478	65.6030887132246	NA	NA	NA	71.9324904413629	70.8975626180935	NA	73.9606620234577	NA	77.1545977936911	NA
PH207_PHG47-25/PHB47	NA	NA	NA	63.7550554927881	NA	NA	66.6827333527985	NA	65.9324904413629	NA	71.4665433362432	NA	NA	78.9848508499253	81.8075963119042
PH207_PHG47-3/PHB47	NA	NA	NA	63.8430044831655	65.4523800954352	NA	66.8118192907558	NA	66.0675095586372	73.0745243532169	72.3562484689144	72.2740869887657	NA	NA	83.2601484803502
PH207_PHG47-6/PHB47	NA	NA	NA	66.8430044831655	68.5556265739317	NA	70.0179757605816	NA	NA	72.8487309281817	75.4873097878522	75.2236206405257	NA	81.5819785252587	NA
PH207_PHG47-7/PHB47	NA	NA	NA	64.4022530895729	65.4346573152777	NA	NA	NA	67.0675095586372	71.8975626180935	NA	70.8388608895795	NA	78.3604159680786	NA
PH207_PHG47-8/PHB47	NA	NA	NA	66.2697289202263	65.5283202026578	NA	66.8710331746147	NA	70.0675095586372	74.0214341980366	71.5057416154188	74.9606620234577	NA	NA	80.7203676915148
PHG47/PHB47	NA	NA	NA	NA	NA	NA	NA	NA	65.0000000000001	NA	70.856061814559	70.5921113606924	NA	76.786130169949	80.4108459782615
PHG72/PHB47	NA	59.3726600927863	60.7651486273218	65.017568375884	63.5888295606882	NA	66.9398903921458	NA	67.0675095586372	70.8487309281817	74.4144707414066	74.2092163047159	NA	80.8628523440079	87.8075963119042
PHKE6/PHB47	54	NA	NA	NA	NA	66	66.6456829115464	NA	NA	71.6319536773971	71.3045365916771	NA	NA	NA	83.0561101771177
PHM81/PHB47	NA	57.1858419530662	59.4530878003516	NA	59.5518164487405	NA	NA	NA	64.0675095586372	67.6319536773971	NA	NA	NA	73.4176625462069	NA
PHN11_LH145_0003/PHB47	NA	NA	NA	NA	64.5745654727137	NA	65.3512675583125	NA	67.0675095586372	69.0812974856586	NA	69.9630466363928	NA	80.8628523440079	NA
PHN11_LH145_0028/PHB47	NA	60.6385558714967	61.4321757616589	63.8430044831655	NA	NA	66.5090342521826	NA	67.0675095586372	NA	70.2976528877114	NA	NA	NA	83.8075963119042
PHN11_LH145_0085/PHB47	NA	59.5426188779465	62.1432367183084	66.4022530895729	NA	NA	66.6827333527985	NA	NA	73.6302368078844	71.2976528877114	NA	NA	77.7067385480669	83.3720272433235
PHN11_OH43_0001/PHB47	NA	NA	62.4119427107824	NA	NA	NA	64.4818672183311	NA	68.5000000000001	NA	70.7796769455083	70.4080846506307	NA	79.5392834377031	83.0636888549693
PHN11_OH43_0036/PHB47	NA	57.3726600927863	58.4530878003516	65.6007049885251	64.4029197848461	NA	NA	NA	70.9324904413629	76.0745243532168	71.5117720484426	NA	NA	NA	83.3046240423312
PHN11_OH43_0075/PHB47	NA	NA	NA	NA	NA	NA	66.8714552290381	NA	NA	71.1370819875462	72.2775045052076	75.9630466363928	NA	83.7067385480669	83.2428482903457
PHN11_OH43_0088/PHB47	NA	60.957224835291	62.853917763698	68.5165006202384	67.5379540954022	NA	NA	NA	73.9324904413629	73.1201723284637	75.5631455710633	75.6846517641307	NA	80.4386139296128	86.3214973819836
PHN11_OH43_0184/PHB47	NA	60.16970445146	58.4321757616589	NA	NA	NA	NA	NA	71.0675095586372	NA	69.6586448603266	73.9630466363928	NA	NA	NA
PHN11_OH43_0215/PHB47	NA	NA	NA	NA	NA	NA	67.2810010838638	NA	70.9324904413629	71.1319278491473	NA	75.7783315848724	NA	81.7181509073277	NA
PHN11_PHG47_0048/PHB47	NA	61.0066216370925	NA	NA	NA	NA	NA	NA	NA	75.3440651442571	71.5433315993758	NA	NA	NA	83.8476801922471
PHN11_PHG47_0251/PHB47	NA	59.0947043552964	61.5104209815603	65.9936407848358	65.9887426287799	NA	NA	NA	NA	71.8184938906767	72.8341535724754	76.1480364621019	NA	NA	83.3901803388099
PHN11_PHG47_0287/PHB47	NA	59.3382036379701	NA	65.5968015046965	NA	NA	NA	NA	75.0675095586372	NA	NA	NA	NA	77.6269503667293	NA
PHN11_PHG47_0388/PHB47	NA	NA	NA	NA	NA	NA	67.2761540706855	NA	66.9324904413629	69.8607849197587	74.0085593390672	75.9630466363928	NA	NA	85.2601484803502
PHN11_PHG47_0390/PHB47	NA	NA	61.8934681525654	NA	NA	NA	NA	NA	73.9324904413629	NA	76.1043099498696	NA	NA	NA	83.3720272433235
PHN11_PHW65_0015/PHB47	NA	60.6051849407835	62.87820853652	64.1164772287998	66.4533058532777	NA	NA	67.2895390447278	73.5000000000001	69.9939027602536	70.5117720484426	NA	NA	80.8549819985673	NA
PHN11_PHW65_0065/PHB47	NA	59.5426188779465	63.1432367183084	NA	66.5283202026578	NA	NA	NA	NA	NA	NA	76.2236206405257	NA	82.3604159680786	NA
PHN11_PHW65_0237/PHB47	NA	61.6385558714967	63.4321757616589	66.7550554927881	67.442523411912	NA	NA	NA	75.0675095586372	73.1390745923256	NA	NA	NA	NA	NA
PHN11_PHW65_0294/PHB47	NA	60.8982257731879	63.4321757616589	NA	65.4029197848461	NA	NA	NA	72.0675095586372	NA	NA	76.1664969585813	NA	NA	NA
PHN11_PHW65_0323/PHB47	NA	61.374306341878	63.7303442279429	67.010068737455	67.4346573152777	NA	73.3512675583125	71.1542958321387	71.9324904413629	77.0745243532168	76.4665433362432	78.8167413181975	NA	82.8199144524993	85.9745216871406
PHN11_PHW65_0359/PHB47	NA	NA	63.2622239842029	66.5968015046965	65.4029197848461	NA	NA	NA	76.0675095586372	NA	NA	75.8311943957381	NA	NA	NA
PHP02/PHB47	55	60.2839495031834	62.3752315950948	64.4265366103103	63.5283202026578	65	66.3512675583125	67.675470128145	69.5000000000001	70.7882568531717	70.1009882298512	71.8626646841364	71	78.3604159680786	83.3956188388031
PHW65_MOG_0137/PHB47	NA	62.5612773692743	63.026072845097	69.1156603825726	NA	NA	NA	NA	NA	71.8607849197587	NA	NA	NA	NA	NA
PHZ51/PHB47	55.5	59.5426188779465	61.7303442279429	67.010068737455	NA	67	NA	69.6185293003301	NA	73.5549409183274	NA	NA	73	NA	NA
Q381/PHB47	NA	59.8982257731879	61.4119427107824	64.1540300509674	NA	NA	NA	67.8643264997024	NA	71.4495766583061	72.2775045052076	71.1480364621019	73.0000000223421	NA	84.2796975176915
SD101/PHB47	NA	59.8512050726226	NA	NA	NA	NA	73.5536194328388	NA	NA	NA	72.6009882298512	76.9932584978262	NA	82.5315986859764	85.3074377668346
TX204/PHB47	58	62.4781440254548	67.4530878003516	NA	NA	69	NA	72.4112654877468	NA	76.4495766583061	NA	NA	75.5	NA	NA
TX205/PHB47	59.5	NA	NA	NA	68.4346573152777	70	NA	72.5195970335658	NA	73.8487309281817	NA	NA	73.5	NA	NA
TX303/PHB47	61	NA	NA	NA	73.6030887132246	70.5	75.8710331746147	75.1542958321387	74.0675095586372	74.1390745923256	85.1043099498696	82.2211760849919	77.5	87.8549819985673	90.4879437109152
W10001_0003/PHB47	54	60.0066216370925	NA	63.017568375884	NA	66.5	NA	70.8775664326389	72.0675095586372	69.1390745923256	NA	72.1480364621019	72.5	NA	NA
W10001_0006/PHB47	52.5	NA	58.7586179789177	NA	64.441168680509	63.5	NA	68.2748367356511	NA	NA	69.1832826769937	NA	NA	76.8549819985673	81.9745216871406
W10001_0007/PHB47	54	58.5426188779465	NA	64.010068737455	NA	64.5	66.8529027454111	70.1542958321387	70.9324904413629	72.1390745923256	71.4680892455751	NA	72.5	82.8628523440079	NA
W10001_0009/PHB47	NA	NA	NA	NA	62.5888295606882	NA	NA	67.0996291580516	NA	NA	NA	74.9630466363928	NA	NA	80.8481660806821
W10001_0012/PHB47	NA	59.8857143560251	59.7823267521288	NA	NA	NA	66.5090342521826	67.2089558123623	NA	NA	NA	72.7628963551267	NA	79.9848508499253	80.8471702693824
W10001_0013/PHB47	NA	NA	NA	63.6007049885251	NA	NA	NA	68.8011717925732	64.9324904413629	70.1390745923256	70.6469975521123	73.7628963551267	NA	80.8199144524993	NA
W10001_0014/PHB47	NA	61.6385558714967	NA	61.2697289202263	NA	NA	67.3512675583125	66.5045903154654	72.0675095586372	NA	NA	NA	NA	NA	80.2428482903457
W10001_0018/PHB47	NA	NA	NA	NA	NA	NA	62.8710331746147	NA	64.9324904413629	72.6869195760179	68.6597478058835	70.6846517641307	NA	77.8549819985673	NA
W10001_0019/PHB47	NA	60.0309233661152	61.4456115431931	62.784616942937	63.5745654727137	NA	64.2761540706855	68.5045903154654	NA	NA	71.2976528877114	69.6846517641307	NA	77.3450464646251	81.4879437109152
W10001_0022/PHB47	54	59.9461679965588	62.3973635027901	64.5342081577971	64.4903501490465	64.5	66.5090342521826	67.0996291580516	69.5000000000001	69.8988956902051	74.6469975521123	74.037837716389	72	80.6269503667293	87.2796975176915
W10001_0031/PHB47	NA	NA	NA	66.4071940546633	NA	NA	66.4238130885185	68.5045903154654	70.9324904413629	NA	69.4680892455751	75.1237615818608	NA	NA	83.3046240423312
W10001_0047/PHB47	NA	NA	62.7874292939791	66.8430044831655	NA	NA	75.1836926225916	NA	NA	77.1370819875462	75.0085593390672	77.2119923101482	NA	85.8796735275481	84.2428482903457
W10002_0001/PHB47	NA	60.16970445146	NA	NA	65.441168680509	NA	63.4203326484782	NA	73.0675095586372	NA	NA	NA	NA	79.8199144524993	84.3720272433235
W10002_0002/PHB47	NA	NA	NA	64.5968015046965	NA	NA	NA	NA	74.0675095586372	NA	69.5117720484426	75.2740869887657	NA	NA	81.8482443624864
W10005_0029/PHB47	NA	60.6660845434596	60.4456115431931	66.0959054988001	65.4687510975607	NA	67.0657342965462	NA	70.0000000000001	70.6923178409672	73.730279209392	71.0102019528676	NA	80.596553035533	84.1383086346217
W10005_0037/PHB47	NA	59.8162790763634	59.6173351263884	64.4619928723421	65.4182208533371	NA	NA	NA	72.0675095586372	68.8607849197587	72.5117720484426	75.1237615818608	NA	NA	85.5636368353316
W10005_0107/PHB47	NA	60.8036594670566	62.3293083899436	65.5304181637463	64.9847444415834	NA	NA	69.8011717925732	74.0675095586372	70.3460114529368	69.6586448603266	NA	71.5	78.8996308386894	84.8471702693824
W10005_0111/PHB47	55.5	60.374306341878	60.8934681525654	67.117294075027	66.6030887132246	67	NA	70.6964506199893	NA	70.4495766583061	NA	NA	73	NA	NA
W10005_0147/PHB47	NA	59.7141666169858	61.3576558922773	64.0424758917555	65.4773681167933	NA	NA	NA	68.0675095586372	72.384655700105	74.4144707414066	75.8311943957381	NA	80.4386139296128	84.5636368353316
W10005_0220/PHB47	NA	61.0981705942185	60.7823267521288	64.8332515187043	NA	NA	70.1836926225916	NA	72.9324904413629	69.1370819875462	70.6469975521123	73.2236206405257	NA	NA	86.8476801922471
W10006_0003/PHB47	NA	60.1858419530662	63.2622239842029	64.7550554927881	63.5818778104071	NA	67.1836926225916	NA	75.0675095586372	69.1319278491473	72.5433315993758	71.9606620234577	NA	78.1545977936911	84.3901803388099
W10006_0004/PHB47	NA	58.5426188779465	59.4456115431931	NA	NA	NA	67.1673484735319	NA	67.0675095586372	70.1185956422916	72.5057416154188	72.1237615818608	NA	77.8628523440079	81.4879437109152
W10008_0001/PHB47	NA	NA	60.7823267521288	64.017568375884	64.5051316147375	NA	NA	69.2748367356511	66.9324904413629	66.4495766583061	NA	NA	NA	79.7567016577238	83.8481660806821
W10008_0017/PHB47	NA	NA	61.4456115431931	NA	NA	NA	NA	69.8011717925732	70.9324904413629	70.6319536773971	NA	71.1892095099971	NA	80.4386139296128	81.3214973819836
W10008_0018/PHB47	54	60.0981705942185	NA	63.7550554927881	NA	65	66.8118192907558	67.2895390447278	NA	NA	74.1043099498696	NA	71.5	NA	NA
W10008_0037/PHB47	NA	60.6385558714967	NA	NA	NA	NA	NA	NA	NA	71.6319536773971	73.3562484689144	73.8706888224833	NA	80.1353463262415	NA
W10008_0042/PHB47	NA	NA	NA	NA	64.5518164487405	NA	66.1042410969117	NA	NA	NA	69.6597478058835	NA	NA	NA	80.8471702693824
W10008_0053/PHB47	NA	NA	62.7686541604833	NA	NA	NA	NA	NA	NA	74.1319278491473	NA	74.2236206405257	NA	NA	84.2428482903457
W10008_0059/PHB47	55	NA	NA	66.6777577288478	NA	66.5	67.1673484735319	70.7353919892569	74.0675095586372	NA	74.5057416154188	NA	74.5	81.3604159680786	NA
W10008_0063/PHB47	NA	NA	NA	NA	68.5556265739317	NA	NA	NA	NA	NA	74.1832826769937	75.8706888224833	NA	79.9848508499253	NA
W10008_0069/PHB47	NA	61.4282260975042	64.3178657484438	67.5786542911805	67.9923410380522	NA	72.9398903921458	72.0996291580516	74.0000000000001	71.818119201993	79.1335633846561	76.037837716389	NA	81.8549819985673	NA
W10008_0092/PHB47	NA	60.16970445146	NA	NA	NA	NA	72.8529027454111	NA	NA	NA	NA	74.6874916518838	NA	82.3604159680786	NA
W10008_0099/PHB47	54.5	NA	NA	65.784616942937	NA	66	NA	67.2089558123623	NA	71.5238507621758	74.2775045052076	74.8311943957381	73.5	79.9552579765277	83.2349880998774
W10008_0119/PHB47	55	61.3121441083792	NA	NA	66.5518164487405	66.5	61.5677384443149	65.8643264997024	74.0675095586372	NA	NA	74.8388608895795	73	80.8628523440079	86.2601484803502
W37A/PHB47	NA	NA	61.4530878003516	65.784616942937	64.5029690269561	NA	66.9398903921458	NA	72.9324904413629	69.8607849197587	74.4665433362432	72.1664969585813	NA	77.1545977936911	82.5772824063421
