line_code	GAH1_15	INH1_15	MOH2_15	NYH2_15	OHH1_15	NCH1_15	ILH1_15	NYH3_15	NEH1_15	NEH4_15	MNH1_15	DEH1_15	WIH2_15	ONH2_15	WIH1_15
2369/PHZ51	100	110.49640471574	117.697725826968	126.535076354693	131.480803741067	128.423500033381	123.979143588521	132.733813772697	129.999999999992	130.671271767607	130.027160296375	133.154646603689	155.999999999999	158.500000042103	169.297816833573
A634/PHZ51	NA	109.97208084393	NA	126.50020333644	122.868211000532	NA	NA	132.919395289631	NA	NA	122.799817357507	124.003228273038	143	155.999999870035	161.896034264002
A635/PHZ51	NA	NA	NA	112.566566973849	NA	NA	NA	117.92900336984	NA	NA	121.859125881458	NA	NA	129.125878378162	NA
A641/PHZ51	NA	NA	NA	98.0665561814305	NA	NA	103.257876895089	96.9591997013184	110	NA	112.084701457948	NA	128	133.000000018401	133.313475260478
A672/PHZ51	NA	NA	NA	109.131156105251	NA	NA	NA	133.386404797537	NA	150.729645037722	128.829086430883	NA	153	136.000000005289	NA
A679/PHZ51	NA	NA	NA	106.424289999789	122.920499791035	NA	NA	132.865629626923	NA	NA	138.46648734328	NA	152	133.499999919952	159.417920138714
A680/PHZ51	NA	92.8579497446161	NA	130.893842286082	NA	NA	NA	147.568173154295	140	NA	123.195194711291	NA	150	167.000000010352	171.061608417512
B103/PHZ51	NA	84.9720808439298	89.4016726494688	108.567865689418	111.041107691105	119.871055573601	NA	NA	110	NA	122.508818724781	NA	148	125.874121631039	NA
B104/PHZ51	90	NA	108.43605043778	NA	NA	110.499617242249	117.843540253285	NA	NA	NA	NA	126.300547481039	153	135.125878506974	NA
B105/PHZ51	NA	NA	NA	NA	NA	NA	NA	NA	NA	119.630539247138	116.830358925301	NA	138	NA	136.628476312856
B106/PHZ51	100	NA	109.005104472627	139.47378715835	NA	118.582390847912	NA	NA	110	NA	NA	148.795062071366	163	130.874121631039	142.628476312856
B109/PHZ51	NA	111.561364986819	114.797645471368	127.47378715835	118.459165668886	133.871055573601	NA	NA	130	NA	NA	NA	147	168.874121454381	NA
B111/PHZ51	NA	NA	144.466997968892	132.229079093157	NA	130.589604935155	138.191430079434	NA	NA	130.729645037722	157.072101403408	129.795062071366	165	148.874121706023	166.571029747325
B119/PHZ51	110	NA	95.4137723545875	130.940496630323	129.459165668886	122.034153637201	141.527228914415	NA	NA	126.881113350041	133.508254035011	NA	138	NA	NA
B73/PHZ51	100	89.5613649868185	122.281335198759	129.700889175246	122.542720028365	123.132781108184	127.879050370424	133.77777247894	130	146.080829972954	144.389741059827	147.917336830914	155	166.500000116163	161.210235021902
B73_PHG39-1/PHZ51	120	92.5070347760815	NA	NA	NA	125.973699107484	124.926712938849	NA	NA	121.712004288066	NA	NA	135	NA	NA
B73_PHG39-10/PHZ51	110	107.507034776081	116.036043617405	NA	110.920499791035	NA	NA	NA	NA	NA	NA	NA	138	NA	NA
B73_PHG39-11/PHZ51	100	115.857949744616	NA	NA	NA	130.499617242249	NA	NA	130	134.963281516868	NA	136.575181659007	NA	NA	NA
B73_PHG39-13/PHZ51	90	110.967277303484	NA	NA	119.677120537218	98.0341536372009	138.567277529727	NA	130	NA	NA	NA	NA	NA	NA
B73_PHG39-14/PHZ51	NA	106.870549172375	NA	NA	123.164940265696	133.582390847912	138.634430185594	NA	140	150.641011581873	NA	146.300547481039	155	NA	NA
B73_PHG39-15/PHZ51	80	122.857949744616	119.615810863019	NA	NA	NA	NA	NA	120	133.040643180781	NA	140.575181659007	NA	NA	NA
B73_PHG39-16/PHZ51	NA	94.6743837884651	NA	NA	125.2600133672	107.22245508312	118.567277529727	NA	NA	141.372470404935	NA	144.300547481039	NA	NA	NA
B73_PHG39-18/PHZ51	120	NA	NA	NA	NA	136.347382824495	142.462258431557	NA	140	NA	NA	136.575181659007	152	NA	NA
B73_PHG39-19/PHZ51	NA	NA	128.778388408007	NA	NA	NA	NA	NA	130	131.712004288066	NA	120.133910203856	145	NA	NA
B73_PHG39-2/PHZ51	90	107.857949744616	NA	NA	NA	121.347382824495	106.127388477254	NA	120	NA	NA	126.782478475076	NA	NA	NA
B73_PHG39-20/PHZ51	90	94.5613649868185	79.4669979688923	NA	115.728081243224	NA	NA	NA	130	NA	NA	NA	NA	NA	NA
B73_PHG39-21/PHZ51	90	111.350273969039	NA	NA	120.920499791035	118.231408579166	NA	NA	NA	129.442923220325	NA	126.600612772279	137	NA	NA
B73_PHG39-22/PHZ51	110	NA	94.4669979688923	NA	NA	NA	127.843540253285	NA	130	127.425198071522	NA	142.140497376519	NA	NA	NA
B73_PHG39-23/PHZ51	100	NA	NA	NA	119.044941632639	121.872323649585	NA	NA	140	140.566539567277	NA	120.581405376688	135	NA	NA
B73_PHG39-24/PHZ51	100	NA	107.715122406735	NA	110.2600133672	NA	NA	NA	120	106.881113350041	NA	NA	NA	NA	NA
B73_PHG39-25/PHZ51	120	109.721619481535	NA	NA	117.677120537218	128.142771752904	126.127388477254	NA	NA	129.442923220325	NA	131.782478475076	NA	NA	NA
B73_PHG39-3/PHZ51	NA	NA	104.797645471368	NA	107.370860939358	NA	120.43279261692	NA	120	NA	NA	139.445605688479	145	NA	NA
B73_PHG39-5/PHZ51	NA	NA	144.615810863019	NA	NA	140.034153637201	142.843540253285	NA	140	140.172357525331	NA	143.389140167903	NA	NA	NA
B73_PHG39-6/PHZ51	90	NA	110.894927775748	NA	119.044941632639	NA	123.809584000523	NA	NA	NA	NA	139.389140167903	NA	NA	NA
B73_PHG39-7/PHZ51	70	NA	NA	NA	111.459165668886	111.606758338732	NA	NA	NA	110.172357525331	NA	NA	140	NA	NA
B79/PHZ51	NA	106.350273969039	NA	NA	127.329767728323	NA	130.045440445773	NA	130	123.040643180781	NA	134.53412618079	NA	NA	NA
CG102/PHZ51	NA	NA	NA	NA	115.301581039434	NA	108.191430079434	126.99590252998	130	119.952833397414	NA	116.53412618079	132	NA	NA
CG106/PHZ51	NA	NA	NA	97.7010372930322	119.677120537218	NA	NA	110.527710337427	NA	NA	136.508254035011	NA	NA	139.499999950315	131.620086423538
CG125/PHZ51	NA	NA	NA	103.611478660603	NA	NA	NA	116.538624175558	NA	NA	123.174495535279	NA	140	126.125878367584	NA
CG127/PHZ51	NA	NA	NA	122.608979132772	NA	NA	107.462258431557	127.934961619255	130	NA	123.829086430883	NA	135	135.499999961356	NA
CGX333/PHZ51	NA	NA	NA	109.970180353941	NA	NA	NA	114.043500773021	NA	NA	118.508254035011	NA	128	NA	NA
CM105/PHZ51	NA	NA	NA	NA	NA	NA	NA	112.72409166645	120	NA	123.508254035011	NA	135	NA	141.456780141905
DK4676A/PHZ51	NA	102.674383788465	101.349678922431	NA	121.459165668886	119.644442540927	NA	NA	NA	NA	NA	NA	NA	NA	136.745549462822
DKFBHJ/PHZ51	80	NA	81.9059712072391	NA	NA	110.380310676196	NA	NA	130	119.992051987653	109.604986584376	106.780143301445	NA	NA	NA
GEMS-0113/PHZ51	100	122.674383788465	109.466997968892	NA	131.164940265696	124.644442540927	NA	NA	130	130.641011581873	NA	135.600612772279	NA	NA	156.620086423539
GEMS-0142/PHZ51	105	NA	75.1609977480484	NA	116.505480889425	119.142771752904	115.43279261692	NA	110	130.729645037722	NA	119.133910203856	NA	NA	153.968916485644
GEMS-0146/PHZ51	110	133.857949744616	112.715122406735	129.836774354693	124.044941632639	NA	137.843540253285	NA	130	134.963281516868	151.372943683382	124.003228273038	157.5	167.999999997928	170.282158406669
GEMS-0147/PHZ51	NA	107.931529387613	NA	NA	125.868211000532	NA	126.527228914415	NA	130	139.442923220325	NA	144.300547481039	NA	NA	153.896034264002
GEMS-0148/PHZ51	NA	90.7321429537815	NA	NA	129.041107691105	NA	NA	131.285457707452	140	127.711996482462	121.011016931891	145.300547481039	NA	NA	157.001006667301
GEMS-0150/PHZ51	105	114.242622899742	114.401672649469	NA	120.82429051713	135.973699107484	144.592805634772	145.69724119211	145	145.437469064256	146.106161844192	155.678830067041	144.5	161.500000112939	177.314243444896
GEMS-0162/PHZ51	100	113.350273969039	105.413772354587	122.512421755086	118.505480889425	126.231408579166	130.045440445773	NA	140	154.963281516868	NA	144.600612772279	170	147.000000036803	176.001006667301
GEMS-0163/PHZ51	120	123.161177406484	154.797645471368	135.893687404921	152.173619663404	153.380310676196	145.582429690309	NA	155	150.341239217568	NA	151.206859034196	NA	NA	171.769973116485
GEMS-0182/PHZ51	90	116.350273969039	118.496468795821	NA	123.2600133672	111.606758338732	113.191430079434	NA	130	133.040643180781	121.654318041144	153.575181659007	NA	NA	152.061608417512
GT601/PHZ51	100	NA	111.349678922431	NA	NA	120.973699107484	NA	NA	120	130.729645037722	NA	NA	NA	NA	NA
GT602/PHZ51	85	NA	91.5694109333062	NA	NA	107.781608120056	NA	NA	120	123.040643180781	NA	NA	NA	NA	NA
LH145/PHZ51	NA	103.122260259091	104.466997968892	121.131156105251	139.505480889425	118.973699107484	NA	143.72409166645	140	NA	136.174495535279	126.586975693581	142	156.125878333997	167.800443333982
LH146HT/PHZ51	NA	NA	80.4137723545874	NA	NA	121.380310676196	118.752818652624	NA	130	137.425198071522	NA	NA	NA	132.999999879468	151.745549462822
LH195/PHZ51	95	98.1263460327348	122.078526753952	97.7368256179544	119.620831749356	131.545319010823	120.072904296837	121.927276390743	120	130.041967401099	126.74664116098	139.708272957464	138	127.00000002001	157.934736848436
LH198/PHZ51	95	114.522771457855	101.449070722645	121.47378715835	116.21329979029	128.580702321635	120.780090547087	136.422315657039	125	134.572005695324	134.732006624293	118.337311778654	NA	139.500000019322	NA
M0012/PHZ51	NA	NA	NA	NA	113.861793248597	NA	110.045440445773	NA	NA	120.172357525331	NA	130.445605688479	NA	NA	149.442889189527
M0024/PHZ51	NA	NA	111.036043617405	NA	125.868211000532	NA	133.191430079434	NA	130	NA	144.471341208308	133.795062071366	153	NA	NA
M0041/PHZ51	NA	NA	114.615810863019	NA	NA	125.231408579166	128.257876895089	NA	NA	124.963281516868	NA	NA	145	156.874121704646	145.73245262579
M0052/PHZ51	NA	NA	89.4669979688923	NA	NA	NA	107.302268340389	NA	110	130.172357525331	NA	128.140497376519	NA	NA	140.27160745926
M0058/PHZ51	NA	NA	NA	NA	107.728081243224	NA	NA	NA	130	NA	NA	NA	NA	146.874121669219	156.702688708782
M0077/PHZ51	NA	NA	119.005104472627	NA	NA	127.22245508312	129.926712938849	120.72409166645	NA	126.881113350041	NA	NA	150	NA	160.282158406669
M0083/PHZ51	NA	105.841288931316	106.905971207239	95.2290790931573	98.1649402656959	NA	NA	NA	110	NA	126.550692655474	127.782478475076	NA	143.125878367584	NA
M0143/PHZ51	90	122.857949744616	121.349678922431	NA	NA	NA	112.462258431557	NA	NA	NA	NA	127.389140167903	NA	NA	NA
M0163/PHZ51	NA	130.931529387613	NA	NA	NA	133.606758338732	129.098969759123	NA	NA	NA	NA	118.631239593316	145	NA	NA
MP718/PHZ51	120	NA	146.913203002715	NA	NA	134.806165003656	NA	NA	160	NA	NA	NA	NA	NA	NA
N192/PHZ51	90	NA	103.778388408007	NA	NA	113.0299391594	NA	NA	110	113.040643180781	NA	96.3891401679035	NA	NA	NA
N542/PHZ51	80	87.7321429537815	97.7151224067347	NA	NA	NA	129.245744241068	NA	150	NA	NA	NA	NA	NA	NA
NKH8431/PHZ51	95	NA	79.359408036537	NA	122.329767728323	NA	NA	NA	NA	129.952833397414	NA	NA	NA	NA	NA
PHAW6/PHZ51	90	NA	101.349678922431	NA	122.370860939358	114.142771752904	NA	NA	NA	99.6305392471382	NA	117.955630814793	NA	NA	NA
PHB47/PHZ51	85	88.8521118988557	102.985541791388	111.819414091602	108.145680365196	112.734275672273	120.394505965162	133.696680136346	140	118.853926731148	123.529755690128	119.491518280909	133.5	138.499999979526	145.260534979473
PHG72/PHZ51	NA	112.931529387613	NA	NA	105.2600133672	NA	109.245744241068	NA	120	107.643195697573	NA	126.133910203856	NA	NA	136.702688708782
PHG80/PHZ51	105	117.427201606436	116.924911396184	132.753531802086	117.40353096443	129.308272242556	108.913192554864	134.167520055834	140	134.385471850786	148.038163896342	152.26152518588	161.5	157.9999999188	168.792541359869
PHJ40/PHZ51	NA	85.4750737250482	NA	105.835211376644	115.2600133672	NA	107.59758185089	120.771880394923	NA	NA	124.087056222694	NA	140	111.125878472474	141.968916485644
PHKE6/PHZ51	90	NA	77.7151224067346	107.364449390783	NA	91.6067583387315	NA	NA	NA	NA	118.276771782987	NA	127.5	138.999999941114	140.620086423538
PHM49/PHZ51	95	73.5613649868185	89.0051044726268	NA	NA	111.639546303726	NA	NA	NA	121.372470404935	NA	121.133910203856	NA	NA	NA
PHM81/PHZ51	NA	NA	NA	84.9404966303231	106.041107691105	NA	87.462258431557	NA	NA	NA	95.8591258814583	90.7435891593279	105	NA	NA
PHR25/PHZ51	NA	102.559620537465	89.4016726494688	NA	NA	108.034153637201	NA	NA	NA	NA	NA	NA	NA	150.125878289833	147.745549462822
PHRE1/PHZ51	NA	NA	NA	108.566566973849	NA	NA	121.527228914415	94.9290033698404	110	NA	132.604986584376	NA	142	140.874121454381	139.571029747325
PHW53/PHZ51	85	NA	NA	NA	NA	94.1877055357854	NA	NA	110	NA	NA	89.7435891593279	NA	NA	123.571029747325
PHW65/PHZ51	NA	82.9315293876126	81.5694109333061	NA	118.6209811398	106.639546303726	NA	NA	110	NA	NA	NA	NA	NA	NA
R226/PHZ51	NA	139.721619481535	94.4016726494688	NA	137.044941632639	128.871055573601	NA	NA	130	NA	NA	159.53412618079	NA	NA	167.442889189527
SD101/PHZ51	NA	136.61469662711	NA	111.230776547169	128.370860939358	NA	NA	132.039027902962	NA	NA	NA	123.529149905936	NA	150.999999997239	162.061608417512
TX29A/PHZ51	115	NA	116.036043617405	NA	133.868211000532	135.973699107484	NA	NA	NA	NA	NA	150.464070058537	NA	NA	NA
TX303/PHZ51	115	127.559620537465	126.349678922431	NA	130.677120537218	140.973699107484	NA	NA	150	NA	NA	NA	NA	NA	NA
TX714/PHZ51	100	108.41261352405	129.979321609708	112.701037293032	130.212476816448	154.311879286178	143.634430185594	129.771292284159	140	151.372470404935	165.973091052076	160.691545623678	160	165.125878333997	164.896034264002
W10004_0032/PHZ51	NA	101.105692233113	99.4669979688923	NA	119.734083626407	115.781608120056	113.175200251757	117.280883486569	115	119.428606489855	NA	115.488057930742	138.5	128.125878349182	156.364193800583
W10004_0076/PHZ51	NA	114.674383788465	100.00304207657	NA	120.861793248597	135.499617242249	NA	133.909787209422	120	NA	132.508818724781	107.581405376688	NA	NA	158.282158406669
W10004_0082/PHZ51	NA	117.721619481535	106.569410933306	NA	103.2600133672	111.872323649585	110.43279261692	NA	130	130.172357525331	NA	118.575181659007	NA	NA	168.451553558159
W10004_0097/PHZ51	NA	75.8705491723749	75.0030420765699	NA	99.3297677283231	122.034153637201	108.567277529727	NA	110	121.432014908187	NA	119.529149905936	NA	NA	156.968916485644
W10004_0127/PHZ51	NA	130.956418708575	107.715122406735	116.893687404921	129.505480889425	124.142771752904	NA	121.563747827509	120	119.630539247138	125.830358925301	155.743589159328	145	143.874121450237	163.571029747325
W10004_0204/PHZ51	NA	97.9672773034838	97.453091686697	108.011770853572	120.2600133672	110.22245508312	122.59758185089	NA	NA	121.372470404935	NA	113.464070058537	NA	133.125878389666	NA
W10004_0216/PHZ51	NA	114.172811448712	144.615810863019	136.432075069829	130.35031433384	141.872323649585	153.200619049756	116.855858208661	135	141.441259175064	158.134591237727	141.314009259652	153	159.125878378162	174.081734800768
W10004_0227/PHZ51	NA	106.122260259091	107.715122406735	142.059910042556	128.500420834456	127.644442540927	133.191430079434	136.007167587395	140	136.335383057361	160.072101403408	127.795062071366	152	143.125878289833	165.800443333982
W10004_0232/PHZ51	NA	122.674383788465	109.401672649469	NA	122.370860939358	131.380310676196	NA	NA	130	117.711996482462	137.829086430883	133.586975693581	135	NA	166.968916485644
W10004_0248/PHZ51	NA	99.9720808439298	113.778388408007	108.701037293032	82.7280812432244	124.501033086491	143.809584000523	146.909787209422	160	146.335383057361	129.830358925301	145.743589159328	143	148.125878367584	170.73245262579
Z013E0034/PHZ51	NA	NA	101.569410933306	NA	122.16658621338	NA	120.43279261692	NA	130	130.172357525331	NA	NA	NA	NA	161.628476312856
Z013E0037/PHZ51	90	NA	104.359408036537	NA	NA	NA	143.727415350605	NA	NA	153.040643180781	NA	NA	NA	NA	NA
Z013E0058/PHZ51	100	NA	NA	NA	NA	NA	122.59758185089	NA	NA	160.641011581873	NA	NA	NA	NA	171.451553558159
Z013E0078/PHZ51	90	112.732142953782	NA	NA	120.868211000532	119.499617242249	134.926712938849	NA	120	NA	NA	NA	NA	NA	159.001006667301
Z022E0017/PHZ51	80	103.870549172375	NA	NA	114.044941632639	NA	136.127388477254	NA	NA	NA	NA	NA	163	NA	NA
Z022E0025/PHZ51	NA	NA	NA	101.131156105251	112.677120537218	NA	89.2457442410681	NA	130	NA	134.46648734328	NA	NA	NA	NA
Z022E0027/PHZ51	NA	NA	NA	NA	NA	114.22245508312	128.752818652624	NA	110	116.335383057361	121.799817357507	NA	133	NA	138.451553558159
Z022E0036/PHZ51	NA	105.507034776081	NA	NA	NA	NA	NA	NA	130	147.919236833261	128.144205107473	137.464070058537	NA	NA	160.282158406669
Z022E0042/PHZ51	NA	NA	NA	NA	NA	NA	103.752818652624	NA	140	119.952833397414	113.508818724781	135.782478475076	NA	NA	144.456780141905
Z022E0048/PHZ51	70	87.8579497446161	NA	NA	102.329767728323	NA	NA	NA	NA	NA	133.084701457948	125.586975693581	NA	NA	NA
Z022E0050/PHZ51	NA	94.5573151583103	NA	NA	NA	NA	122.59758185089	NA	NA	117.643195697573	NA	118.586975693581	NA	NA	149.061608417512
Z022E0072/PHZ51	NA	108.967277303484	NA	93.2349413327495	101.459165668886	126.872323649585	NA	NA	110	NA	NA	NA	122	NA	136.620086423538
Z022E0077/PHZ51	70	NA	124.359408036537	NA	97.3297677283231	NA	NA	NA	110	NA	143.084701457948	NA	NA	NA	NA
Z022E0097/PHZ51	80	102.841288931316	NA	NA	NA	NA	146.527228914415	NA	150	NA	129.830358925301	NA	NA	NA	NA
Z022E0110/PHZ51	70	NA	NA	106.131156105251	NA	NA	NA	NA	140	107.919236833261	NA	NA	NA	129.125878367584	NA
Z022E0123/PHZ51	NA	NA	NA	NA	NA	NA	123.727415350605	NA	120	130.641011581873	NA	NA	127	NA	NA
