line_code	GAH1_15	MOH2_15	NCH1_15	INH1_15	NYH2_15	NYH3_15	MNH1_15	NEH1_15	ILH1_15	NEH4_15	OHH1_15	DEH1_15	WIH2_15	WIH1_15	ONH2_15
2369/PHZ51	200	251.951024781754	249.974702385676	250.336362610896	259.95206769669	263.01657773946	251.00044725999	265.000000000006	279.349584986808	269.031633679165	277.587400475829	273.728889916452	272.832614349722	285.730068362881	293.950307215067
A634/PHZ51	NA	NA	NA	226.563476736016	249.481052180439	251.886649367027	247.174497003738	NA	NA	NA	258.729967174224	244.38848755812	257.048246001839	277.224564022131	265.545785678765
A641/PHZ51	NA	NA	NA	NA	214.108709052006	203.194849321216	240.824703993286	210.108030959174	229.875601905281	NA	NA	NA	254.048355514632	254.233757873393	264.849466090219
A672/PHZ51	NA	NA	NA	NA	236.896889622411	243.526794233636	259.173933462401	NA	NA	278.262772156104	NA	NA	269.048355514632	NA	270.135863797717
A679/PHZ51	NA	NA	NA	NA	233.417568099661	254.173300952741	248.174793109127	NA	NA	NA	245.561926206545	NA	267.048246001839	283.968038239486	281.969229723698
A680/PHZ51	NA	NA	NA	233.646504039132	254.297349453598	268.475446546659	249.825636711278	249.891969040826	NA	NA	NA	NA	255.163165550374	288.004779122151	302.367282822459
B103/PHZ51	NA	224.455916523294	253.765562678998	231.563476736016	246.574097755694	NA	263.825588952285	249.891969040826	NA	NA	276.612874745172	NA	273.040559817184	NA	279.552006522074
B104/PHZ51	195	222.18659623243	227.730745301135	NA	NA	NA	NA	NA	265.801447268579	NA	NA	272.02187562342	273.040559817184	NA	277.830585813208
B105/PHZ51	NA	NA	NA	NA	NA	NA	242.174856624346	NA	NA	269.981620430478	NA	NA	270.040559817184	283.590409637788	NA
B106/PHZ51	220	244.283968843852	232.964501937078	NA	280.800355369952	NA	NA	270.108030959174	NA	NA	NA	285.934132148746	295.040559817184	263.590409637788	293.552006522074
B109/PHZ51	NA	237.947986215787	236.765562678998	239.110038168593	263.800355369952	NA	NA	260.108030959174	NA	NA	269.100364290539	NA	268.856663091817	NA	300.29436105764
B111/PHZ51	NA	267.978600403533	250.36118230997	NA	240.312328029037	NA	264.825200677074	NA	278.196210678232	288.262772156104	NA	262.934132148746	281.566265302774	281.94722431967	281.877036800807
B119/PHZ51	195	233.686286355899	237.666130145294	NA	238.238496589541	NA	252.174353748741	NA	255.560256298977	250.182077338908	256.100364290539	NA	254.400665521407	NA	NA
B73/PHZ51	215	241.19195992947	240.558831710897	239.110038168593	257.226707705065	255.425643135137	259.000093851068	260	252.085038666437	270.385856264822	262.862029416398	282.580516485765	273.009887656986	284.373026438661	299.563109493656
B73_PHG39-1/PHZ51	210	NA	165.102330042857	204.338142010345	NA	NA	NA	NA	259.780644958231	238.081646927902	NA	NA	248.139216365928	NA	NA
B73_PHG39-10/PHZ51	210	226.06176962431	NA	235.338142010345	NA	NA	NA	NA	NA	NA	260.561926206545	NA	262.829017344593	NA	NA
B73_PHG39-11/PHZ51	210	NA	244.730745301135	255.646504039132	NA	NA	NA	260.108030959174	NA	252.531833364229	NA	259.155962537455	NA	NA	NA
B73_PHG39-13/PHZ51	200	NA	246.666130145294	244.059578070404	NA	NA	NA	259.891969040826	279.315426945414	NA	279.919700048411	NA	NA	NA	NA
B73_PHG39-14/PHZ51	NA	NA	252.964501937078	229.223785586728	NA	NA	NA	270.108030959174	253.807506794745	291.739829637732	275.162132626252	274.02187562342	259.829017344593	NA	NA
B73_PHG39-15/PHZ51	200	245.943562628017	NA	253.646504039132	NA	NA	NA	250.108030959174	NA	258.790008835207	NA	281.155962537455	NA	NA	NA
B73_PHG39-16/PHZ51	NA	NA	217.295491385253	238.36442271766	NA	NA	NA	NA	244.315426945414	259.942876324812	263.467193388574	279.02187562342	NA	NA	NA
B73_PHG39-18/PHZ51	220	NA	247.218659470312	NA	NA	NA	NA	269.891969040826	271.421659930498	NA	NA	276.155962537455	275.261095451171	NA	NA
B73_PHG39-2/PHZ51	200	NA	234.218659470312	245.646504039132	NA	NA	NA	230.108030959174	257.498550374457	NA	NA	258.789101083006	NA	NA	NA
B73_PHG39-20/PHZ51	210	212.978600403533	NA	231.110038168593	NA	NA	NA	250.108030959174	NA	NA	240.096241536322	NA	NA	NA	NA
B73_PHG39-21/PHZ51	220	NA	249.451533276499	259.467661101823	NA	NA	NA	NA	NA	289.27387772413	263.561926206545	271.723533417893	251.196992078944	NA	NA
B73_PHG39-22/PHZ51	220	247.978600403533	NA	NA	NA	NA	NA	259.891969040826	255.801447268579	258.797294713795	NA	281.834453615198	NA	NA	NA
B73_PHG39-23/PHZ51	220	NA	253.863073942369	NA	NA	NA	NA	279.891969040826	NA	260.804926701079	275.358154811893	263.902567656343	241.943979218432	NA	NA
B73_PHG39-24/PHZ51	220	260.335448417379	NA	NA	NA	NA	NA	260.108030959174	NA	260.182077338908	268.467193388574	NA	NA	NA	NA
B73_PHG39-25/PHZ51	210	NA	238.041153498549	230.556191652693	NA	NA	NA	NA	262.498550374457	249.27387772413	264.919700048411	249.789101083006	NA	NA	NA
B73_PHG39-3/PHZ51	NA	237.947986215787	NA	NA	NA	NA	NA	269.891969040826	246.379843494357	NA	245.224840661078	265.031404326675	261.040559817184	NA	NA
B73_PHG39-5/PHZ51	NA	265.943562628017	251.666130145294	NA	NA	NA	NA	279.891969040826	265.801447268579	278.278357543988	NA	277.584426354391	NA	NA	NA
B73_PHG39-7/PHZ51	180	NA	238.923907919277	NA	NA	NA	NA	NA	NA	238.278357543988	238.100364290539	NA	263.040559817184	NA	NA
B79/PHZ51	NA	NA	NA	211.467661101823	NA	NA	NA	229.891969040826	239.835836690401	218.790008835207	256.076085144894	247.139157348109	NA	NA	NA
CG102/PHZ51	NA	NA	NA	NA	NA	254.691776689843	NA	229.891969040826	248.196210678232	241.556453537043	242.075397098853	246.139157348109	254.856663091817	NA	NA
CG106/PHZ51	NA	NA	NA	NA	208.758310641812	237.502518780555	248.174353748741	NA	NA	NA	243.919700048411	NA	NA	253.709562706573	264.144806150605
CG125/PHZ51	NA	NA	NA	NA	223.541948534113	229.113647440054	244.825818193703	NA	NA	NA	NA	NA	265.261095451171	NA	257.060367825138
CG127/PHZ51	NA	NA	NA	NA	242.701054282233	250.767723454736	251.173933462401	249.891969040826	266.421659930498	NA	NA	NA	265.70512499309	NA	284.740195047088
CGX333/PHZ51	NA	NA	NA	NA	229.717242830573	232.642781188558	247.174353748741	NA	NA	NA	NA	NA	255.163165550374	NA	NA
CM105/PHZ51	NA	NA	NA	NA	NA	239.667230572269	250.174353748741	240.108030959174	NA	NA	NA	NA	266.040559817184	270.820677494238	NA
DK4676A/PHZ51	NA	219.569893236656	238.389588455113	253.36442271766	NA	NA	NA	NA	NA	NA	266.100364290539	NA	NA	276.31124306164	NA
DKFBHJ/PHZ51	205	233.552554055815	247.296692662707	NA	NA	NA	250.174369508434	249.891969040826	NA	260.618575160501	NA	265.904628982265	NA	NA	NA
GEMS-0113/PHZ51	205	242.978600403533	241.389588455113	248.36442271766	NA	NA	NA	250.108030959174	NA	251.739829637732	275.162132626252	268.723533417893	NA	271.709562706573	NA
GEMS-0142/PHZ51	220	212.928003335646	239.041153498549	NA	NA	NA	NA	249.891969040826	256.379843494357	268.262772156104	276.78780946945	249.175082643279	NA	280.610359412202	NA
GEMS-0146/PHZ51	230	245.335448417379	NA	271.646504039132	265.342818245604	NA	277.500012660821	280.108030959174	275.801447268579	272.531833364229	290.358154811894	271.38848755812	282.039455453918	300.226378852393	301.106353916893
GEMS-0147/PHZ51	NA	NA	NA	237.647921487863	NA	NA	NA	269.891969040826	250.560256298977	279.27387772413	268.729967174224	283.02187562342	NA	274.224564022131	NA
GEMS-0148/PHZ51	NA	NA	NA	222.036060233342	NA	232.669246171341	236.999692681439	269.891969040826	NA	247.382464973681	264.612874745172	260.02187562342	NA	272.038183558542	NA
GEMS-0150/PHZ51	220	239.455916523294	258.102330042857	243.712823400675	NA	259.597704362613	254.000334310547	275	275.902605501286	270.891409048835	268.329083871433	278.97253181023	251.434145271732	285.245109750226	290.116644968742
GEMS-0162/PHZ51	215	248.686286355899	252.451533276499	275.467661101823	273.262704199669	NA	NA	279.891969040826	279.835836690401	302.531833364229	279.78780946945	294.723533417893	297.089888091556	321.038183558542	314.468702312972
GEMS-0163/PHZ51	230	277.947986215787	279.296692662707	252.015568918919	245.628518776927	NA	NA	290	286.779227923199	289.909612846573	295.258740954745	297.32369839117	NA	308.278791865936	NA
GEMS-0182/PHZ51	190	260.746880777058	231.923907919277	236.467661101823	NA	NA	241.000042978011	249.891969040826	253.196210678232	268.790008835207	245.467193388574	261.155962537455	NA	280.004779122151	NA
GT602/PHZ51	200	228.017547905089	229.920993457908	NA	NA	NA	NA	269.891969040826	NA	248.790008835207	NA	NA	NA	NA	NA
LH145/PHZ51	NA	257.978600403533	246.102330042857	239.448939635136	239.896889622411	274.667230572269	259.825818193703	260.108030959174	NA	NA	279.78780946945	269.095894304186	261.829017344593	279.999605648113	298.876264889909
LH146HT/PHZ51	NA	203.686286355899	239.296692662707	NA	NA	NA	NA	259.891969040826	260.425367508215	258.797294713795	NA	NA	NA	276.31124306164	272.844525926134
LH195/PHZ51	190	242.894133077517	243.996801175953	227.795947455091	213.998172220779	233.524120418532	240.999624369754	265	259.931776605442	260.506853680931	266.802909981975	264.9476206295	249.280426201624	275.551865852303	277.52991514464
LH198/PHZ51	195	230.101398650176	241.226418779786	237.747211036175	254.800355369952	264.79590082164	254.999906140422	265	264.439196934407	274.94570267361	268.992542115225	251.986805481653	NA	NA	287.231923736899
M0012/PHZ51	NA	NA	NA	NA	NA	NA	NA	NA	259.835836690401	248.278357543988	256.760564519984	263.031404326675	NA	269.687904244845	NA
M0024/PHZ51	NA	241.06176962431	NA	NA	NA	NA	275.824996752514	269.891969040826	268.196210678232	NA	278.729967174224	263.934132148746	266.616873184816	NA	NA
M0041/PHZ51	NA	235.943562628017	239.451533276499	NA	NA	NA	NA	NA	254.875601905281	252.531833364229	NA	NA	262.140844684177	271.265655478321	291.58758258389
M0052/PHZ51	NA	202.978600403533	NA	NA	NA	NA	NA	220.108030959174	244.062105942305	248.278357543988	NA	243.834453615198	NA	256.024806439343	NA
M0058/PHZ51	NA	NA	NA	NA	NA	NA	NA	260.108030959174	NA	NA	245.096241536322	NA	NA	275.627824518339	287.638564355301
M0077/PHZ51	NA	229.283968843852	232.295491385253	NA	NA	228.667230572269	NA	NA	264.780644958231	260.182077338908	NA	NA	261.856663091817	276.226378852393	NA
M0083/PHZ51	NA	218.552554055815	NA	221.929945144693	206.312328029037	NA	247.174388610365	229.891969040826	NA	NA	250.162132626252	247.789101083006	NA	NA	279.060367825138
M0143/PHZ51	190	219.569893236656	NA	235.646504039132	NA	NA	NA	NA	236.421659930498	NA	NA	246.584426354391	NA	NA	NA
M0163/PHZ51	NA	NA	240.923907919277	242.647921487863	NA	NA	NA	NA	258.582305707299	NA	NA	238.858295699335	256.373785914747	NA	NA
N192/PHZ51	200	218.706080123569	227.758363635395	NA	NA	NA	NA	259.891969040826	NA	258.790008835207	NA	233.584426354391	NA	NA	NA
N542/PHZ51	175	210.335448417379	NA	240.036060233342	NA	NA	NA	279.891969040826	267.752282231809	NA	NA	NA	NA	NA	NA
NKH8431/PHZ51	200	212.840279939247	NA	NA	NA	NA	NA	NA	NA	251.556453537043	250.076085144894	NA	NA	NA	NA
PHAW6/PHZ51	180	209.569893236656	208.041153498549	NA	NA	NA	NA	NA	NA	229.981620430478	253.224840661078	246.828413924732	NA	NA	NA
PHB47/PHZ51	180	233.736732214191	237.364668548678	220.299768484679	240.021813784222	246.662014339627	243.999988781325	270	258.719619789608	255.352372060624	242.893383433812	257.069614414671	253.542411951305	283.018415373067	280.48711769414
PHG72/PHZ51	NA	NA	NA	227.647921487863	NA	NA	NA	219.891969040826	237.752282231809	221.512473862717	232.467193388574	226.175082643279	NA	261.627824518339	NA
PHG80/PHZ51	200	242.936441294164	247.815316041186	249.742499934239	263.830442042887	238.679620197119	274.999683130474	270	251.835827323527	265.592485660232	276.431603284152	281.879754498835	263.769940943668	286.129282156368	297.81196763535
PHHV4/PHZ51	205	202.978600403533	221.765562678998	234.654768605731	NA	NA	NA	NA	NA	NA	NA	271.14724731764	NA	NA	NA
PHJ40/PHZ51	NA	NA	NA	199.063915896633	221.031027913897	237.298212205957	233.825907490226	NA	234.243028900984	NA	247.467193388574	NA	253.70512499309	251.610359412202	240.724489769624
PHKE6/PHZ51	200	195.335448417379	220.923907919277	NA	246.329773345412	NA	244.000350299676	NA	NA	NA	NA	NA	249.984931014385	276.709562706573	272.105750225754
PHM49/PHZ51	200	224.283968843852	222.461733144581	211.110038168593	NA	NA	NA	NA	NA	249.942876324812	NA	259.175082643279	NA	NA	NA
PHM81/PHZ51	NA	NA	NA	NA	211.238496589541	NA	228.175257808727	NA	216.421659930498	NA	226.612874745172	209.621369704506	236.373785914747	NA	NA
PHR25/PHZ51	NA	214.455916523294	219.666130145294	214.895290498114	NA	NA	NA	NA	NA	NA	NA	NA	NA	264.31124306164	265.335671032978
PHRE1/PHZ51	NA	NA	NA	NA	215.422387496234	194.919508038913	238.174369508434	239.891969040826	225.560256298977	NA	NA	NA	252.163165550374	259.94722431967	262.29436105764
PHW53/PHZ51	175	NA	198.350507516716	NA	NA	NA	NA	230.108030959174	NA	NA	NA	208.621369704506	NA	233.947224319669	NA
PHW65/PHZ51	NA	178.017547905089	216.461733144581	227.647921487863	NA	NA	NA	240.108030959174	NA	NA	249.295786833498	NA	NA	NA	NA
R226/PHZ51	NA	214.455916523294	224.765562678998	258.556191652693	NA	NA	NA	250.108030959174	NA	NA	270.358154811893	272.139157348109	NA	276.687904244845	NA
SD101/PHZ51	NA	NA	NA	248.201861214621	245.601308266311	237.58726905298	NA	NA	NA	NA	260.224840661078	263.553150850647	NA	273.004779122151	286.961626808434
TX29A/PHZ51	225	276.06176962431	271.102330042857	NA	NA	NA	NA	NA	NA	NA	291.729967174224	307.14724731764	NA	NA	NA
TX714/PHZ51	210	255.437994775717	241.513656227632	229.853041054768	235.758310641812	238.700119384769	266.000582649476	270.108030959174	263.807506794745	269.942876324812	262.814663007413	289.256317250449	258.593081988672	284.224564022131	285.876264889909
TX81/PHZ51	225	259.569893236656	256.765562678998	263.647921487863	NA	NA	NA	NA	NA	NA	NA	NA	NA	302.038183558542	NA
W10004_0032/PHZ51	NA	212.978600403533	225.920993457908	223.051854120433	NA	224.932680633812	NA	240	244.834198204599	245.653117543667	244.296643970364	234.840160329289	254.689940509098	262.922741966791	256.982255975435
W10004_0076/PHZ51	NA	210.249078914165	254.730745301135	235.36442271766	NA	258.853790695141	253.825588952285	250.108030959174	NA	NA	258.760564519984	234.902567656343	NA	270.226378852393	NA
W10004_0082/PHZ51	NA	213.017547905089	228.863073942369	230.556191652693	NA	NA	NA	270.108030959174	281.379843494357	268.278357543988	235.467193388574	239.155962537455	NA	293.13569346512	NA
W10004_0097/PHZ51	NA	190.249078914165	224.666130145294	211.223785586728	NA	NA	NA	239.891969040826	244.315426945414	232.508940373539	228.076085144894	224.553150850647	NA	273.610359412202	NA
W10004_0127/PHZ51	NA	240.335448417379	223.041153498549	266.839653466618	221.628518776927	250.659121009469	245.174856624346	260.108030959174	NA	239.981620430478	266.78780946945	279.621369704506	249.979215496789	278.94722431967	276.755900324552
W10004_0204/PHZ51	NA	231.807718439225	220.295491385253	226.059578070404	235.215140427341	NA	NA	NA	264.243028900984	259.942876324812	255.467193388574	261.14724731764	NA	NA	282.182559122844
W10004_0216/PHZ51	NA	265.943562628017	269.863073942369	263.64385074168	255.459107462201	243.081761285172	275.49984239277	295	283.822205824802	290.550416218978	297.650462902986	283.517174161251	265.261095451171	301.139640650563	302.023577629332
W10004_0227/PHZ51	NA	230.335448417379	241.389588455113	252.448939635136	243.723607771336	257.679371333213	273.825200677074	270.108030959174	253.196210678232	260.761867796437	270.309017563254	249.934132148746	267.048246001839	274.999605648113	296.335671032978
W10004_0232/PHZ51	NA	239.455916523294	241.296692662708	268.36442271766	NA	NA	252.173933462401	250.108030959174	NA	257.382464973681	278.224840661078	261.095894304186	254.373785914747	285.610359412202	NA
W10004_0248/PHZ51	NA	223.706080123569	227.632420041936	223.563476736016	227.758310641812	263.853790695141	270.174856624346	299.891969040826	274.168564554793	280.761867796437	245.096241536322	283.621369704506	267.381850753061	281.265655478321	275.060367825138
Z013E0034/PHZ51	NA	238.017547905089	NA	NA	NA	NA	NA	269.891969040826	261.379843494357	278.278357543988	262.517890841875	NA	NA	280.590409637788	NA
Z013E0058/PHZ51	200	NA	NA	NA	NA	NA	NA	NA	279.243028900984	301.739829637732	NA	NA	NA	295.13569346512	NA
Z013E0078/PHZ51	200	NA	237.730745301135	255.036060233342	NA	NA	NA	259.891969040826	254.780644958231	NA	268.729967174224	NA	NA	274.038183558542	NA
Z022E0017/PHZ51	210	NA	NA	229.223785586728	NA	NA	NA	NA	287.498550374457	NA	277.358154811893	NA	292.048355514632	NA	NA
Z022E0025/PHZ51	NA	NA	NA	NA	235.896889622411	NA	261.174793109127	250.108030959174	252.752282231809	NA	266.919700048411	NA	NA	NA	NA
Z022E0027/PHZ51	NA	NA	225.295491385253	NA	NA	NA	234.174497003738	240.108030959174	275.425367508214	230.761867796437	NA	NA	255.381850753061	263.13569346512	NA
Z022E0036/PHZ51	NA	NA	NA	222.338142010345	NA	NA	254.825878836599	260.108030959174	NA	278.568999073727	NA	274.14724731764	NA	275.226378852393	NA
Z022E0042/PHZ51	NA	NA	NA	NA	NA	NA	240.825588952285	270.108030959174	260.425367508215	271.556453537043	NA	244.789101083006	NA	270.820677494238	NA
Z022E0050/PHZ51	NA	NA	NA	222.56181003814	NA	NA	NA	NA	244.243028900984	241.512473862717	NA	271.095894304186	NA	277.004779122151	NA
Z022E0072/PHZ51	NA	NA	244.863073942369	236.059578070404	238.87310747945	NA	NA	269.891969040826	NA	NA	274.100364290539	NA	264.196992078944	286.709562706573	NA
Z022E0097/PHZ51	190	NA	NA	244.929945144693	NA	NA	260.174856624346	279.891969040826	275.560256298977	NA	NA	NA	NA	NA	NA
Z022E0110/PHZ51	190	NA	NA	NA	247.896889622411	NA	NA	270.108030959174	NA	268.568999073727	NA	NA	NA	NA	274.060367825138
Z022E0123/PHZ51	NA	NA	NA	NA	NA	NA	NA	250.108030959174	280.089348939755	261.739829637732	NA	NA	253.140844684177	NA	NA
