line_code	GAH1_15	OHH1_15	DEH1_15	INH1_15	ILH1_15	TXH1_15	SDH1_15	MOH2_15	MNH1_15	NYH3_15	TXH2_15	MOH1_15	ONH2_15	NYH2_15	ONH1_15
2369/PHZ51	61	65.4541284195341	64.4984210983627	67.4514818887747	71.4246751047558	71	73.4999999999996	73.0959900541458	74.9999999823742	75.8884477885702	76.5000000065014	77.0726541152529	79.5302812447371	85.7371371614923	89.5828287012767
A634/PHZ51	NA	62.6253914245108	64.1622653913858	69.9584892846807	NA	NA	69.9999999999994	NA	73.9764746461227	74.8952251680891	NA	NA	79.50662690055	80.7866809671797	86.5690478988288
A635/PHZ51	NA	NA	NA	NA	NA	NA	71.4999999999994	NA	76.9764746438756	74.3508533541974	NA	NA	79.7810027328434	81.3884922043104	87.3775086696742
A641/PHZ51	NA	NA	NA	NA	63.852958429307	NA	65.4999999999993	NA	76.0235253301854	73.6730681089147	NA	NA	74.9975341944818	76.7279691445135	80.3340011737627
A672/PHZ51	NA	NA	NA	NA	NA	NA	71.4999999999993	NA	76.9764746579131	74.5416674221243	NA	74.157897452959	79.5253976845393	82.0368624580111	86.3182446418641
A679/PHZ51	NA	62.420661898713	NA	NA	NA	NA	68.4999999999994	NA	73.9764746531969	74.1392362719144	NA	NA	77.990461885524	82.5218036076518	84.5690478988288
A680/PHZ51	NA	NA	NA	70.1700046882768	NA	NA	74.9999999999994	NA	78.023525320864	81.0757166673862	NA	NA	80.4643297082516	85.2737592791326	86.0742308220856
B103/PHZ51	NA	67.487594940369	NA	66.9584892846807	NA	NA	NA	75.9445690130074	76.0235253703837	NA	NA	NA	80.2670890800566	85.5238013736449	89.5351191005433
B104/PHZ51	62	NA	63.7244492680813	NA	71.6051961753792	71	NA	73.9769990095734	NA	NA	75.4999999800322	72.7616449823857	80.6835906718798	NA	NA
B106/PHZ51	59.5	NA	63.5566541529077	NA	NA	71	NA	74.4215142055148	NA	NA	74.4999999920678	NA	83.2670890800566	83.5029758509866	NA
B109/PHZ51	NA	64.5369972929843	NA	67.7155784042598	NA	NA	NA	75.0663016682174	NA	NA	NA	83.0406141843667	80.3302868409736	84.5029758509866	NA
B111/PHZ51	NA	NA	66.5566541529077	NA	70.6671762835072	NA	NA	71.7741967230964	75.0235253584824	NA	NA	74.718094568849	79.279559756628	84.9971280727805	NA
B119/PHZ51	59.5	64.5369972929843	NA	NA	72.8881956603428	67	72.884396170881	71.199481110559	73.9764747050747	NA	77.0000000242458	77.1295126075413	NA	81.7492556143527	NA
B73/PHZ51	59.5	63.28868967586	64.5389665865627	68.7155784042598	65.9801717442479	67	74.4999999999994	73.7696785391187	72.5000000059506	76.5886306728213	75.000000010784	76.8444474702823	81.0079254563429	84.5628146829047	88.4590288872565
B73_PHG39-1/PHZ51	61	NA	NA	68.1538940750646	69.7398647615039	66	NA	NA	NA	NA	NA	NA	NA	NA	NA
B73_PHG39-10/PHZ51	61	64.420661898713	NA	67.1538940750646	NA	70	NA	72.0578437863596	NA	NA	78.1096619014693	NA	NA	NA	NA
B73_PHG39-11/PHZ51	61	NA	64.6507596120301	71.1700046882768	NA	70	NA	NA	NA	NA	NA	NA	NA	NA	NA
B73_PHG39-13/PHZ51	58	63.1202583598403	NA	68.8356255246887	69.9648004020774	68	NA	NA	NA	NA	NA	NA	NA	NA	NA
B73_PHG39-14/PHZ51	NA	67.156717453007	66.7244492680813	69.0561095831746	72.4054464819926	NA	NA	NA	NA	NA	79.8903380741088	NA	NA	NA	NA
B73_PHG39-15/PHZ51	61	NA	67.6507596120301	70.1700046882768	NA	70	NA	73.0764031308263	NA	NA	75.109661911628	NA	NA	NA	NA
B73_PHG39-16/PHZ51	NA	62.8238990609796	66.7244492680813	68.6454970003382	69.9648004020774	NA	NA	NA	NA	NA	NA	NA	NA	NA	NA
B73_PHG39-18/PHZ51	58	NA	63.6507596120301	NA	69.2757061011223	69	NA	NA	NA	NA	NA	NA	NA	NA	NA
B73_PHG39-2/PHZ51	58	NA	64.1318556465045	68.1700046882768	69.7013339203077	69	NA	NA	NA	NA	NA	NA	NA	NA	NA
B73_PHG39-20/PHZ51	56	62.8585906559965	NA	66.7155784042598	NA	68	NA	73.7741967230964	NA	NA	75.1096619071743	NA	NA	NA	NA
B73_PHG39-21/PHZ51	61	64.420661898713	64.64517620541	70.2456008620967	NA	70	NA	NA	NA	NA	NA	NA	NA	NA	NA
B73_PHG39-22/PHZ51	61	NA	66.4437855125375	NA	70.6051961753792	70	NA	70.7741967230964	NA	NA	75.8903380883713	NA	NA	NA	NA
B73_PHG39-23/PHZ51	58	63.0173153244095	61.7032268325884	NA	NA	68	NA	NA	NA	NA	NA	NA	NA	NA	NA
B73_PHG39-24/PHZ51	58	62.8238990609796	NA	NA	NA	69	NA	71.3239569397538	NA	NA	77.890338115645	NA	NA	NA	NA
B73_PHG39-25/PHZ51	61	63.1202583598403	64.1318556465045	65.7694469244468	69.7013339203077	70	NA	NA	NA	NA	NA	NA	NA	NA	NA
B73_PHG39-3/PHZ51	NA	63.0481839164996	64.796575091131	NA	67.5971943022399	NA	NA	73.0663016682174	NA	NA	75.1096618716931	NA	NA	NA	NA
B73_PHG39-5/PHZ51	NA	NA	65.7370671615721	NA	71.6051961753792	NA	NA	72.0764031308263	NA	NA	74.109661923038	NA	NA	NA	NA
B73_PHG39-6/PHZ51	58	65.0173153244095	65.7370671615721	NA	67.8287248555276	NA	NA	74.0075088114021	NA	NA	74.1096619743829	NA	NA	NA	NA
B79/PHZ51	NA	64.6933629696517	62.3534839050441	69.2456008620967	70.1585752298681	NA	NA	NA	NA	NA	NA	NA	NA	NA	NA
CG102/PHZ51	NA	58.017099359704	62.3534839050441	NA	63.6671762835072	NA	65.9999999999993	NA	NA	69.5052088090053	NA	NA	NA	NA	81.5967676516831
CG106/PHZ51	NA	61.1202583598403	NA	NA	NA	NA	65.4999999999994	NA	66.9764747050747	71.1188488353499	NA	NA	75.9831474340207	76.9911969740347	83.140312863066
CG118/PHZ51	NA	NA	NA	NA	63.4019771602233	NA	64.9999999999994	NA	NA	69.5561630945622	NA	NA	NA	NA	82.5716289254071
CG125/PHZ51	NA	NA	NA	NA	NA	NA	65.8843961708809	NA	71.023525349161	74.4260422229424	NA	NA	73.6957723667385	77.824367322699	80.770952974497
CG127/PHZ51	NA	NA	NA	NA	64.2757061011223	NA	65.4999999999993	NA	64.9764746579131	69.8729189626253	NA	NA	75.5002636255964	76.8478379597947	82.2141686223764
CGX333/PHZ51	NA	NA	NA	NA	NA	NA	NA	NA	66.9764747050747	74.552080279844	NA	NA	NA	78.1954182265045	82.0581410676417
DK4676A/PHZ51	NA	61.5369972929843	NA	64.6454970003382	NA	NA	NA	71.7224003970263	NA	NA	NA	75.4833142004732	NA	NA	NA
DKFBHJ/PHZ51	54.5	NA	61.6437786443742	NA	NA	65.5	NA	70.9511148686614	73.9764746627402	NA	73.5000000370821	NA	NA	NA	NA
GEMS-0113/PHZ51	59.5	63.156717453007	64.64517620541	68.6454970003382	NA	69	73.9999999999994	73.7741967230964	NA	NA	75.5000000262977	76.8467299152157	NA	NA	NA
GEMS-0142/PHZ51	61	64.6080271799235	64.1472579947708	NA	71.5971943022399	71	NA	65.59478806523	NA	NA	77.4999999572122	74.718094568849	NA	NA	NA
GEMS-0146/PHZ51	63	63.0173153244095	64.1622653913858	69.1700046882768	70.6051961753792	70	NA	76.3239569397538	77.9999999741165	NA	75.9999999600647	77.3126301789675	80.9867300615633	82.364947576938	NA
GEMS-0147/PHZ51	NA	63.6253914245108	64.7244492680813	71.0833724025769	71.8881956603428	NA	NA	NA	NA	NA	NA	80.1295126075413	NA	NA	NA
GEMS-0148/PHZ51	NA	63.487594940369	63.7244492680813	67.6804022055217	NA	NA	73.9999999999994	NA	79.4999999705794	77.2678762653176	NA	NA	NA	NA	87.4678104643248
GEMS-0150/PHZ51	62	63.6396262773547	65.8913076292673	68.7389638662722	70.1648980881262	71.5	74.4999999999994	73.9445690130074	78.5000000106113	82.1815283903772	75.9999999800322	79.3216142247766	80.9745203234508	NA	NA
GEMS-0162/PHZ51	60.5	65.6080271799235	64.64517620541	69.2456008620967	69.1585752298681	67.5	NA	76.199481110559	NA	NA	75.0000000513446	77.2671032951004	81.4876660616832	84.7524351835987	89.161987653154
GEMS-0163/PHZ51	63	64.9236521641255	67.1901104259839	69.6020450733887	71.2749946573872	71	NA	73.0663016682174	NA	NA	79.0000000057046	76.7352638159632	NA	87.8196376554856	NA
GEMS-0182/PHZ51	59.5	62.8238990609796	65.6507596120301	68.2456008620967	70.6671762835072	69	NA	71.9024898183752	78.5000000082532	NA	75.4999999749528	74.8823638222316	NA	NA	NA
GT601/PHZ51	61	NA	NA	NA	NA	70.5	NA	72.7224003970263	NA	NA	78.4999999600647	80.7541391704507	NA	NA	NA
GT602/PHZ51	59.5	NA	NA	NA	NA	70.5	NA	75.617344116782	NA	NA	76.9999999600647	78.2671032951004	NA	NA	NA
LH145/PHZ51	NA	61.6080271799235	60.7270410734812	67.8468541943765	NA	NA	67.1156038291178	69.7741967230964	78.023525349161	71.7793295349317	NA	NA	78.7134433604766	81.6852327117118	87.5643073400551
LH146HT/PHZ51	NA	NA	NA	NA	66.7326018740125	NA	70.4999999999994	70.199481110559	NA	NA	NA	76.3911690600559	78.0507612267122	NA	NA
LH195/PHZ51	62	65.05030261173	67.0205462596905	68.5925287457349	72.9138965114028	72	74.9999999999994	74.1002189950683	76.9999999928702	82.693673370129	73.4999999857372	77.789866737034	79.9770565865913	86.5029758509866	88.8511876991198
LH198/PHZ51	60.5	63.3543906069558	64.3986347087908	68.2795026498351	69.6492641112738	69	NA	73.4235294156913	78.499999986975	73.7882543055188	NA	73.0714964893819	79.5102311448512	82.7567095294321	85.9204099210967
M0012/PHZ51	NA	63.4952868523105	64.796575091131	NA	70.1585752298681	NA	NA	NA	NA	NA	76.1096618716931	75.8960739721053	NA	NA	NA
M0024/PHZ51	NA	62.6253914245108	64.5566541529077	NA	68.6671762835072	NA	NA	72.0578437863596	78.0235253137898	NA	NA	75.1625442189051	NA	NA	NA
M0039/PHZ51	58	NA	NA	NA	NA	67	NA	72.4330038481533	NA	NA	76.1096619014693	74.1295126075413	NA	NA	NA
M0058/PHZ51	NA	63.8585906559965	NA	NA	NA	NA	NA	NA	NA	NA	77.109661779162	83.0406141843667	80.2992960222251	NA	NA
M0083/PHZ51	NA	63.156717453007	62.1318556465045	66.6959528026383	NA	NA	NA	70.9511148686614	74.976474627369	NA	NA	NA	77.6957723667385	79.9971280727805	NA
M0143/PHZ51	58	NA	64.7370671615721	69.1700046882768	68.2757061011223	68	NA	73.7224003970263	NA	NA	74.1096618716931	NA	NA	NA	NA
M0163/PHZ51	NA	NA	64.2483652054633	68.0833724025769	72.2844476882588	NA	NA	NA	NA	NA	75.1096619014693	NA	NA	NA	NA
MP718/PHZ51	64	NA	NA	NA	NA	73.5	NA	75.4541665225078	NA	NA	79.9999999109467	80.9611573322134	NA	NA	NA
MP719/PHZ51	64	NA	NA	NA	NA	74	NA	78.9511148686614	NA	NA	81.4999999920678	87.4833142004732	NA	NA	NA
N192/PHZ51	57	NA	62.7370671615721	NA	NA	67	NA	69.8963653484825	NA	NA	75.0000000171146	NA	NA	NA	NA
N542/PHZ51	58	NA	NA	68.6804022055217	70.238664704723	68	NA	74.3239569397538	NA	NA	74.5000000085571	NA	NA	NA	NA
NKH8431/PHZ51	56	65.6933629696517	NA	NA	NA	65	NA	70.1341363219193	NA	NA	NA	72.157897452959	NA	NA	NA
PHAW6/PHZ51	58	66.0481839164996	61.4903012338734	NA	NA	70	NA	71.7224003970263	NA	NA	77.0000000085571	72.5309974876055	NA	NA	NA
PHB47/PHZ51	58	62.7344229076063	62.3971632958411	66.8194457451012	68.6261825981021	66	72.4999999999994	71.2809565648947	76.9999999988763	71.161792601023	73.5000000085571	74.325106571278	76.9965981943619	82.2044785025297	85.8969479587319
PHG72/PHZ51	NA	62.8238990609796	62.1472579947708	67.0833724025769	66.238664704723	NA	NA	NA	NA	NA	NA	72.2671032951004	NA	NA	NA
PHG80/PHZ51	59.5	63.8125632698138	67.4421625781715	68.2636281999491	70.0308250348168	68	74.4999999999994	74.0882400600662	76.999999988265	80.6425295920414	78.9999999708491	79.1602208359321	80.5208790568768	82.5688739093316	86.7420412875194
PHHV4/PHZ51	60.5	NA	63.0699377842939	67.4809868078779	NA	67.5	NA	71.7741967230964	NA	NA	73.5000000578502	75.157897452959	NA	NA	NA
PHJ40/PHZ51	NA	60.8238990609796	NA	64.7820893231977	65.585188912697	NA	65.8843961708809	NA	75.0235253797051	71.0925664145229	NA	NA	76.6811738165915	76.737137161499	83.0441822369375
PHKE6/PHZ51	56	NA	NA	NA	NA	68	NA	73.3239569397538	74.500000016451	NA	75.4999999337666	NA	76.9732812671481	80.7783874084923	NA
PHM49/PHZ51	62	NA	65.1472579947708	70.7155784042598	NA	70.5	NA	72.4215142055148	NA	NA	76.0000000605277	NA	NA	NA	NA
PHM81/PHZ51	NA	59.487594940369	61.1109303743627	NA	62.2757061011223	NA	NA	NA	64.9764746438756	NA	NA	70.8547434687388	NA	76.7492556143527	NA
PHR25/PHZ51	NA	NA	NA	63.5484727215067	NA	NA	67.1156038291178	67.9445690130074	NA	NA	NA	71.7541391704507	75.6939003664987	NA	NA
PHRE1/PHZ51	NA	NA	NA	NA	64.8881956603428	NA	61.1156038291178	NA	73.9764746627402	74.3508533541974	NA	70.7616449823857	74.3302868409736	78.3884922043104	82.5643073400551
PHW53/PHZ51	61	NA	70.1109303743627	NA	NA	71	NA	NA	NA	NA	77.9999999906415	NA	NA	NA	NA
PHW65/PHZ51	NA	66.6033158117317	NA	70.0833724025769	NA	NA	NA	74.617344116782	NA	NA	NA	75.8823638222316	NA	NA	NA
R226/PHZ51	NA	64.0173153244095	68.3534839050441	66.7694469244468	NA	NA	NA	76.9445690130074	NA	NA	NA	NA	NA	NA	NA
SD101/PHZ51	NA	61.0481839164996	63.3530635523686	63.4218181493698	NA	NA	69.9999999999994	NA	NA	74.9008974090177	NA	NA	77.0004596478622	83.1717195145652	85.4364718547232
TX29A/PHZ51	63	69.6253914245108	68.0699377842939	NA	NA	71	NA	79.0578437863596	NA	NA	77.9999999600647	NA	NA	NA	NA
TX303/PHZ51	64	70.1202583598403	NA	76.5484727215067	NA	71	NA	77.7224003970263	NA	NA	78.9999999629172	NA	NA	NA	NA
TX714/PHZ51	63	63.4903082569933	65.8885159259572	69.0028151064827	70.4054464819926	69.5	76.1156038291178	74.3305448667237	76.5000000117903	82.2484496623446	77.0000000320027	75.0406141843667	79.7134433604766	82.9911969740347	89.0151953745267
TX81/PHZ51	64	NA	NA	73.0833724025769	NA	70	NA	76.7224003970263	NA	NA	76.5000000427871	NA	NA	NA	NA
W10004_0032/PHZ51	NA	60.950990756318	62.2320541175267	66.6639205011272	66.1588953933547	NA	66.8843961708809	69.7741967230964	NA	70.5398990892994	NA	72.4925989319747	76.6760400329935	NA	NA
W10004_0076/PHZ51	NA	64.4952868523105	60.7032268325884	67.6454970003382	NA	NA	NA	73.362253531697	78.0235253703837	76.4395969819808	NA	77.7645220374767	NA	NA	NA
W10004_0082/PHZ51	NA	61.8238990609796	60.6507596120301	67.7694469244468	65.5971943022399	NA	NA	72.617344116782	NA	NA	NA	74.1295126075413	NA	NA	NA
W10004_0097/PHZ51	NA	63.6933629696517	60.3530635523686	64.0561095831746	64.9648004020774	NA	NA	69.362253531697	NA	NA	NA	75.7541391704507	NA	NA	NA
W10004_0127/PHZ51	NA	60.6080271799235	63.1109303743627	66.0780184917922	NA	NA	67.1156038291178	71.3239569397538	71.9764746674564	77.0366095217381	NA	75.2671032951004	80.3193534346014	85.8196376554856	86.3713135885946
W10004_0204/PHZ51	NA	64.8238990609796	63.0699377842939	66.8356255246887	70.585188912697	NA	NA	74.4330038481533	NA	NA	NA	76.5309974876055	80.6615703364466	83.2719847193874	NA
W10004_0216/PHZ51	NA	64.8707734430757	64.4746007816094	67.4190994531862	69.7535222678425	NA	74.1156038291178	71.0764031308263	76.4999999952838	82.9370145578121	NA	75.1463212349956	79.7810027328434	85.4647413149922	87.0441822369376
W10004_0227/PHZ51	NA	62.1847890221092	62.5566541529077	69.8468541943765	69.6671762835072	NA	70.1156038291178	73.3239569397538	78.0235253584824	75.499143008897	NA	77.1625442189052	69.6939003664987	79.8241063200067	84.2651756951337
W10004_0232/PHZ51	NA	64.0481839164996	63.7270410734811	67.6454970003382	NA	NA	NA	72.9445690130074	76.9764746579131	NA	NA	NA	NA	NA	NA
W10004_0248/PHZ51	NA	63.8585906559965	63.1109303743627	68.9584892846807	67.8287248555276	NA	73.8843961708809	70.8963653484825	74.9764746674564	74.4395969819808	NA	71.9611573322134	78.6957723667385	81.9911969740347	81.6528820793793
Z013E0037/PHZ51	63	NA	NA	NA	74.7772023813748	70	NA	76.1341363219193	NA	NA	NA	78.7616449823857	NA	NA	NA
Z013E0058/PHZ51	61	NA	NA	NA	73.5851889126969	70	NA	NA	NA	NA	77.1096619071743	78.7616449823857	NA	NA	NA
Z013E0078/PHZ51	61	65.6253914245108	NA	69.6804022055217	71.7398647615039	70	NA	NA	NA	NA	NA	NA	NA	NA	NA
Z013E0082/PHZ51	61	NA	NA	NA	NA	71	NA	72.7741967230964	NA	NA	NA	78.3911690600559	NA	NA	NA
Z022E0006/PHZ51	54	60.0481839164996	NA	NA	NA	64	NA	NA	NA	NA	72.8903380883713	74.157897452959	NA	NA	NA
Z022E0017/PHZ51	61	64.0173153244095	NA	70.0561095831746	71.7013339203077	68	NA	NA	NA	NA	76.8903380741088	NA	NA	NA	NA
Z022E0025/PHZ51	NA	61.1202583598403	NA	NA	67.238664704723	NA	NA	NA	73.9764746531969	NA	75.8903380484363	NA	NA	85.6852327117118	NA
Z022E0027/PHZ51	NA	NA	NA	NA	67.7326018740125	NA	NA	NA	75.9764746461227	NA	77.1096619331967	75.2671032951004	NA	NA	NA
Z022E0042/PHZ51	NA	NA	64.1318556465045	NA	67.7326018740125	NA	NA	NA	70.0235253703837	NA	74.1096619743829	NA	NA	NA	NA
Z022E0048/PHZ51	61	66.6933629696517	66.7270410734811	69.1700046882768	NA	69	NA	NA	78.0235253301854	NA	NA	77.7964985343375	NA	NA	NA
Z022E0050/PHZ51	NA	NA	65.7270410734811	71.0685472120159	67.5851889126969	NA	NA	NA	NA	NA	73.8903380741088	75.157897452959	NA	NA	NA
Z022E0077/PHZ51	58	65.6933629696517	NA	NA	NA	65	NA	70.1341363219193	77.0235253301854	NA	NA	NA	NA	NA	NA
Z022E0097/PHZ51	63	NA	NA	70.6959528026383	70.8881956603428	68	NA	NA	74.9764746674564	NA	NA	NA	NA	NA	NA
Z022E0110/PHZ51	58	NA	NA	NA	NA	67	NA	NA	NA	NA	77.1096619743829	NA	78.6957723667385	82.6852327117118	NA
