line_code	TXH1_15	TXH2_15	NEH2_15	INH1_15	NEH4_15	NEH3_15	NEH1_15	OHH1_15	KSH1_15	MNH1_15	NYH2_15	SDH1_15	NCH1_15	NYH3_15	DEH1_15	ONH2_15	ONH1_15
2369/PHZ51	11.85	13.3801397740618	14.3197091032194	15.2999999999971	13.9561228637035	NA	14.3114646250644	14.2000000000007	14.8530648060174	15.799999999997	17.3000000000024	20.1390466471647	18.3426690924674	18.8312663153482	20.5500000592898	21.0792857155883	31.0846686279895
A634/PHZ51	NA	NA	NA	13.4	NA	NA	NA	12.7440376145037	NA	14.7000000275018	15.65	17.0857262656438	NA	16.1506019033348	16.6173997935391	18.6920122701741	31.5180100868096
A635/PHZ51	NA	NA	NA	NA	NA	NA	NA	NA	NA	14.5000000275018	16.4515701747242	17.31009831486	NA	16.0602510203504	NA	16.6119374953127	27.4950626061957
A641/PHZ51	NA	NA	NA	NA	NA	NA	14.7570494260331	NA	NA	14.9999999724982	15.5	13.8050586358038	NA	17.1075278215169	NA	14.9596434932952	28.0270353612191
A672/PHZ51	NA	NA	14.1125968709393	NA	13.9864736383448	13.7798303315595	NA	NA	NA	14.4000000275018	15.2	14.880083302099	NA	15.692810425307	NA	17.8789173913042	30.6232102075395
A679/PHZ51	NA	NA	NA	NA	NA	15.1149669575066	NA	13.855962385496	NA	14.8000000275018	16.9	17.0145782092118	NA	17.0800491674461	NA	19.6636737807288	30.7680100868096
A680/PHZ51	NA	NA	NA	14.7	NA	NA	14.3997747008065	NA	NA	15.2999999724982	17.283856724908	21.565129225434	NA	19.9197790525073	NA	21.4551504534911	33.0470196225204
B103/PHZ51	NA	NA	NA	14.1	NA	NA	14.7332998757322	14.4440376145037	13.5472665071018	18.4999999724982	19.6484298252758	NA	17.5696243589365	NA	NA	21.9368420715312	36.1429461755457
B104/PHZ51	11.85	13.5842049077823	NA	NA	NA	NA	NA	NA	13.2067510140288	NA	NA	NA	16.842017784153	NA	18.4173998620534	24.2233797439832	NA
B105/PHZ51	NA	NA	13.3631640801653	NA	14.3906834453909	17.7197799095263	NA	NA	NA	18.0000000275018	NA	NA	NA	NA	NA	NA	NA
B106/PHZ51	11.55	12.1533353586146	NA	NA	NA	NA	14.8570494260331	NA	14.860319758711	NA	16.8484298252758	NA	16.3488941133464	NA	20.8173997783616	25.3368420715312	NA
B109/PHZ51	NA	NA	14.8524395868991	15.5	NA	16.6798303315595	14.1541294562785	18.3440376145037	16.4003730585026	NA	17.5484298252758	NA	17.7696243589365	NA	NA	24.4231297066071	NA
B111/PHZ51	NA	NA	NA	NA	14.7864736383448	NA	NA	NA	13.6669502324417	18.2999999724982	17.8515701747242	NA	18.0238090498732	NA	19.0173997783616	23.046633935876	NA
B119/PHZ51	10.85	11.9687366568021	NA	NA	15.2309080623328	NA	NA	15.0440376145037	14.0577173507184	16.3000000275018	16.0484298252758	23.7406842854079	16.6100084517965	NA	NA	NA	NA
B73/PHZ51	10.8	12.0592344535616	14.3701288187583	15.1	14.3510966215442	NA	14.209039903553	14.5999999999999	14.6317437309728	15.45	16.5	22.9005482043053	16.408145305946	20.3048710822086	18.5500000353207	20.947618899217	31.4285363962506
B73_PHG39-1/PHZ51	11.5	NA	NA	13.6	14.8215622820193	NA	NA	NA	14.1003730585026	NA	NA	NA	17.680073282863	NA	NA	NA	NA
B73_PHG39-10/PHZ51	10.7	9.66340174882943	NA	13.4	NA	NA	NA	13.555962385496	NA	NA	NA	NA	NA	NA	NA	NA	NA
B73_PHG39-11/PHZ51	12.2	NA	NA	14.4	14.6296888008435	NA	14.1113271330846	NA	15.3313981666707	NA	NA	NA	17.842017784153	NA	19.9826001955376	NA	NA
B73_PHG39-13/PHZ51	10.2	NA	NA	13.9	NA	NA	14.084995575289	15.755962385496	13.3074539472074	NA	NA	NA	16.5100084517965	NA	NA	NA	NA
B73_PHG39-14/PHZ51	NA	12.727833415823	NA	18.2	14.9801601459547	NA	15.5570494260331	17.7440376145037	NA	NA	NA	NA	17.6488941133464	NA	20.1173998620534	NA	NA
B73_PHG39-15/PHZ51	11.2	10.0138326508817	NA	13.6	15.7307911317408	NA	14.4256241808162	NA	NA	NA	NA	NA	NA	NA	19.1826001955376	NA	NA
B73_PHG39-16/PHZ51	NA	NA	NA	13.9	13.9306407952494	NA	NA	16.055962385496	17.1227774770766	NA	NA	NA	16.458435615363	NA	17.7173998620534	NA	NA
B73_PHG39-18/PHZ51	12.1	NA	NA	NA	NA	NA	14.484995575289	NA	16.9050339949604	NA	NA	NA	18.2433204007837	NA	20.2826001955376	NA	NA
B73_PHG39-19/PHZ51	NA	9.89812653587756	NA	NA	15.2215622820193	NA	14.7113271330846	NA	NA	NA	NA	NA	NA	NA	19.8173998848914	NA	NA
B73_PHG39-2/PHZ51	10.6	NA	NA	14.3	NA	NA	13.9113271330846	NA	14.7820260770086	NA	NA	NA	18.3433204007837	NA	18.7173997968017	NA	NA
B73_PHG39-20/PHZ51	11.5	13.3868606365493	NA	17	NA	NA	14.4570494260331	14.2440376145037	NA	NA	NA	NA	NA	NA	NA	NA	NA
B73_PHG39-21/PHZ51	12	NA	NA	13.9	14.3708383295697	NA	NA	16.855962385496	15.9899020803745	NA	NA	NA	17.5062821600955	NA	20.1826001999356	NA	NA
B73_PHG39-22/PHZ51	11.4	13.0342648294982	NA	NA	14.7784127746124	NA	14.1687997938489	NA	NA	NA	NA	NA	NA	NA	20.2173997196351	NA	NA
B73_PHG39-23/PHZ51	10.8	NA	NA	NA	14.1925069581929	NA	13.9564939172974	14.755962385496	14.4829335522744	NA	NA	NA	16.1780705076722	NA	19.0826003728524	NA	NA
B73_PHG39-24/PHZ51	12.5	14.3923603351949	NA	NA	14.1309080623328	NA	NA	15.755962385496	NA	NA	NA	NA	NA	NA	NA	NA	NA
B73_PHG39-25/PHZ51	11.8	NA	NA	14	14.0708383295697	NA	NA	15.555962385496	14.8549374299591	NA	NA	NA	16.8398831758567	NA	19.1173997968017	NA	NA
B73_PHG39-3/PHZ51	NA	11.5341449860665	NA	NA	NA	NA	14.984995575289	15.6440376145037	NA	NA	NA	NA	NA	NA	19.3825999932575	NA	NA
B73_PHG39-5/PHZ51	NA	10.2724136168147	NA	NA	14.677563345006	NA	15.2243813727559	NA	13.6003730585026	NA	NA	NA	17.0100084517966	NA	19.7826000585092	NA	NA
B73_PHG39-7/PHZ51	11.3	NA	NA	NA	13.977563345006	NA	NA	14.3440376145037	14.3432239565835	NA	NA	NA	18.4306810164601	NA	NA	NA	NA
B79/PHZ51	NA	NA	NA	15	15.1307911317408	NA	14.7243813727559	16.655962385496	NA	NA	NA	NA	NA	NA	18.2826002085879	NA	NA
CG102/PHZ51	NA	NA	NA	NA	15.0609270804466	NA	14.5564939172974	13.655962385496	NA	NA	NA	14.8800311417031	NA	16.3214370988847	17.7826002085879	NA	25.4334651086836
CG106/PHZ51	NA	NA	NA	NA	NA	NA	NA	13.055962385496	NA	15.4000000275018	14.9484298252758	7.12707523086975	NA	15.3938340066053	NA	17.6008026815077	24.3599814384166
CG118/PHZ51	NA	NA	NA	NA	14.285399489179	NA	NA	NA	NA	NA	NA	13.7979472198177	NA	16.2197790525073	NA	NA	25.1194871354447
CG125/PHZ51	NA	NA	NA	NA	NA	NA	NA	NA	NA	14.6999999724982	15.1515701747242	12.9116410012058	NA	16.1022816103476	NA	16.1728623875329	25.1989766388451
CG127/PHZ51	NA	NA	NA	NA	NA	NA	14.9332998757322	NA	NA	15.6000000275018	15.9	16.4412727866419	NA	15.2890609926624	NA	18.1752906044669	28.3325093938092
CGX333/PHZ51	NA	NA	NA	NA	NA	NA	NA	NA	NA	16.6000000275018	17.35	NA	NA	18.8067717528753	NA	NA	26.7796034204637
CM105/PHZ51	NA	NA	NA	NA	NA	13.9891104255047	14.3570494260331	NA	NA	14.9000000275018	NA	NA	NA	15.961618065878	NA	NA	30.3559569113826
DK4676A/PHZ51	NA	NA	NA	13.1	NA	15.9794090514266	NA	13.6440376145037	14.0050339949604	NA	NA	NA	17.0075552163079	NA	NA	NA	NA
DKFBHJ/PHZ51	11.05	13.5399850843038	NA	NA	14.785399489179	12.8896262982227	13.9997747008065	NA	15.9484122613137	15.1000000275018	NA	NA	15.5861839037706	NA	18.4826002521369	NA	NA
GEMS-0113/PHZ51	10.65	11.829301438768	NA	14	15.0801601459547	NA	15.1330842318171	17.2440376145037	15.3669502324417	NA	NA	18.9990063535858	17.4075552163079	NA	18.6826001999356	NA	NA
GEMS-0142/PHZ51	10.8	12.1703782873936	NA	NA	14.4864736383448	NA	13.4564939172974	15.3440376145037	15.256105416558	NA	NA	NA	18.1398831758567	NA	19.5173998848914	NA	NA
GEMS-0146/PHZ51	11.55	12.4455049099148	14.2472241634802	15	14.5296888008435	NA	15.3342617986425	16.155962385496	13.581461384937	16.75	16.45	NA	NA	NA	19.0173997935391	21.3383848751089	NA
GEMS-0147/PHZ51	NA	NA	16.2453850341069	15.6	14.0708383295697	NA	14.784995575289	16.5440376145037	NA	NA	NA	NA	NA	NA	19.0173998620534	NA	NA
GEMS-0148/PHZ51	NA	NA	NA	15.8	14.5316402851824	NA	14.2687997938489	14.7440376145037	NA	16.7	NA	19.2986350090262	NA	20.8429177188145	19.6173998620534	NA	32.4078090092108
GEMS-0150/PHZ51	10.65	12.6661956826879	15.2557425148346	13.75	14.0932789671566	17.050074506119	14.5929801835754	18.0499999999999	18.8067510140288	15.9	NA	22.6508228971967	16.980073282863	19.5637210206475	19.2999999961697	23.288559963312	NA
GEMS-0162/PHZ51	12.15	13.762049547108	14.1517026923621	13.5	14.4296888008435	NA	14.3735860365191	16.0440376145037	15.6227774770766	NA	17	NA	17.0062821600955	NA	20.0826001999356	24.1097481617044	36.2911824706191
GEMS-0163/PHZ51	11.1	14.7533392231564	14.0800003714198	14.75	15.2237003593957	14.3478434408374	15.0570417984947	15.7499999999999	15.556105416558	NA	17.0515701747242	NA	17.2861839037706	NA	19.6500000059574	NA	NA
GEMS-0182/PHZ51	10.8	13.0496385828526	12.9242508955117	13.5	13.9307911317408	NA	13.2687997938489	15.155962385496	16.2577173507184	15.15	NA	NA	16.9306810164601	NA	20.2826001955376	NA	NA
GT601/PHZ51	11.2	12.6850102014712	NA	NA	14.3864736383448	NA	15.9735860365191	NA	18.1820260770086	NA	NA	NA	16.880073282863	NA	NA	NA	NA
GT602/PHZ51	11.05	10.9170009763767	NA	NA	14.4307911317408	NA	15.4429691128523	NA	15.0050339949604	NA	NA	NA	17.2119076706801	NA	NA	NA	NA
LH145/PHZ51	NA	NA	NA	13.2	NA	13.5298630032085	15.825421840761	14.2440376145037	12.9762027556055	15.0999999724982	15.2484298252758	17.2498431348131	16.380073282863	15.261618065878	17.8173997522609	20.2154720273307	28.8667692254142
LH146HT/PHZ51	NA	NA	12.7453850341069	NA	14.1784127746124	NA	13.6243813727558	NA	15.5484122613137	NA	NA	10.2832782103669	14.9861839037706	NA	NA	18.1171652766697	NA
LH195/PHZ51	11.95	12.5541445168453	14.9440414457724	14.05	14.9254992377622	NA	14.9178542529202	15.7499999999999	14.0228519052017	16.85	16.55	21.4801017478948	17.3632189453688	20.7510143560565	19.3999999619125	21.8260613597329	32.6119552449523
LH198/PHZ51	11.1	NA	13.5549795045724	14.3	14.6236799449629	13.4519656492605	14.0026218195539	15.2499999999999	14.6711729178598	16.15	16.85	NA	16.2468863651245	17.6881484956925	18.7499999641115	20.1739999998366	30.4019600780094
M0012/PHZ51	NA	15.5981265358776	14.4524395868991	NA	13.777563345006	NA	NA	16.655962385496	NA	NA	NA	NA	NA	NA	19.6825999932575	NA	NA
M0024/PHZ51	NA	NA	NA	NA	NA	NA	14.1798217983469	13.8440376145037	NA	15.6999999724982	NA	NA	NA	NA	17.4173997783616	NA	NA
M0041/PHZ51	NA	NA	13.1125968709393	NA	14.5296888008435	NA	NA	NA	16.760319758711	NA	NA	NA	15.0062821600955	NA	NA	19.3325279723426	NA
M0058/PHZ51	NA	10.9462395931753	NA	NA	NA	NA	15.1396255662188	16.1440376145037	NA	NA	NA	NA	NA	NA	NA	22.3464245990576	NA
M0077/PHZ51	NA	NA	15.7524395868991	NA	14.4309080623328	NA	NA	NA	15.5313981666707	NA	NA	NA	17.758435615363	20.861618065878	NA	NA	35.311373222832
M0083/PHZ51	NA	NA	NA	13.4	NA	15.7760045063245	13.2997747008065	14.0440376145037	NA	14.9000000275018	16.5515701747242	NA	NA	NA	17.6173997968017	18.7728623875329	NA
M0143/PHZ51	10.3	12.2341449860665	NA	13.6	NA	NA	NA	NA	NA	NA	NA	NA	NA	NA	18.1826000585092	NA	NA
M0163/PHZ51	NA	11.2634017488294	NA	14	NA	NA	NA	NA	18.0227774770766	NA	NA	NA	17.7306810164601	NA	18.7826002151131	NA	NA
MP718/PHZ51	13.1	14.7764255909481	NA	NA	NA	NA	18.5342617986425	NA	15.9563273903388	NA	NA	NA	18.8152944346619	NA	NA	NA	NA
N192/PHZ51	10.35	10.8321320268018	NA	NA	15.1307911317408	NA	14.0243813727558	NA	15.881461384937	NA	NA	NA	16.4816947559773	NA	18.5826000585092	NA	NA
N542/PHZ51	11.45	15.7778810420122	NA	14.8	NA	NA	14.6243813727558	NA	NA	NA	NA	NA	NA	NA	NA	NA	NA
NKH8431/PHZ51	10.15	NA	13.3453850341069	NA	13.7609270804466	NA	NA	13.555962385496	NA	NA	NA	NA	NA	NA	NA	NA	NA
PHAW6/PHZ51	11.5	11.2278810420122	NA	NA	14.3906834453909	NA	NA	14.1440376145037	14.3484122613137	NA	NA	NA	16.7398831758567	NA	18.5826001705723	NA	NA
PHB47/PHZ51	10.4	11.608125743251	14.0911705906551	14.1	14.1489628666868	NA	14.0111093760017	13.7499999999999	12.6238197828022	15	15.7	15.5949052407604	16.8642602558823	15.5397179427029	17.4000000179441	19.4382802066997	27.4584011857648
PHG72/PHZ51	NA	NA	12.9052424343805	13.5	14.0523831569424	NA	13.9997747008065	14.155962385496	NA	NA	NA	NA	NA	NA	17.1173998848914	NA	NA
PHG80/PHZ51	11.3	13.2561885554506	13.3081605672175	15.6	14.4970735336627	NA	14.4996051086676	16.8999999999999	15.1738097155465	17.5	17.45	22.1486871694221	18.4794512825715	19.7702270758505	19.8499999717003	23.6199719111075	33.0573115761884
PHHV4/PHZ51	10.5	14.785896455012	12.5031987879646	14.3	NA	14.3896262982227	NA	NA	13.5472665071018	NA	NA	NA	17.5696243589365	NA	18.1173998273003	NA	NA
PHJ40/PHZ51	NA	NA	NA	13.5	NA	NA	NA	13.955962385496	NA	15.8999999724982	16.4484298252758	16.610219148593	NA	14.9282078594966	NA	19.9966924829272	28.6264080298556
PHKE6/PHZ51	10.35	12.0902522113367	13.4968366626743	NA	NA	NA	NA	NA	11.5432239565835	15.55	16.15	NA	15.5306810164601	NA	NA	19.0621249195792	NA
PHM49/PHZ51	12	15.2699443881879	NA	13.8	14.0306407952494	NA	NA	NA	15.681461384937	NA	NA	NA	16.3673907525104	NA	19.5173998848914	NA	NA
PHM81/PHZ51	NA	NA	NA	NA	NA	NA	NA	13.5440376145037	NA	14.9000000275018	16.1484298252758	NA	NA	NA	17.3826001868852	NA	NA
PHR25/PHZ51	NA	NA	NA	13.1	NA	14.313665763655	NA	NA	12.3577173507184	NA	NA	14.4870508694594	15.8100084517965	NA	NA	16.4301358143418	NA
PHRE1/PHZ51	NA	NA	13.3968366626743	NA	NA	14.3794090514266	14.8735860365191	NA	NA	15.3000000275018	15.7515701747242	13.2611290619028	NA	16.1602510203504	NA	18.3231297066071	26.4667692254142
PHW53/PHZ51	10.15	15.6073470261861	14.0031987879646	NA	NA	NA	14.4615789943949	NA	NA	NA	NA	NA	15.713699447386	NA	16.9826001868852	NA	NA
PHW65/PHZ51	NA	NA	NA	14.2	NA	NA	14.6330842318171	15.155962385496	13.7829335522744	NA	NA	NA	17.4673907525104	NA	NA	NA	NA
R226/PHZ51	NA	NA	14.5870806660723	15.9	NA	NA	15.0570494260331	15.155962385496	18.9313981666707	NA	NA	NA	17.2696243589365	NA	18.2826002085879	NA	NA
SD101/PHZ51	NA	NA	NA	14.2	NA	NA	NA	14.3440376145037	NA	NA	17.7	17.9868576307069	NA	17.8094873381032	19.0173998664513	21.6813318933422	30.0869962381832
TX29A/PHZ51	13.45	14.5670009763767	15.835875114807	NA	NA	NA	NA	16.0440376145037	16.1227774770766	NA	NA	NA	18.380073282863	NA	19.9173998273003	NA	NA
TX303/PHZ51	11.8	11.9382442358849	NA	17.5	NA	NA	14.1735860365191	17.155962385496	15.5313981666707	NA	NA	NA	18.880073282863	NA	NA	NA	NA
TX714/PHZ51	11.15	11.3585919217345	15.535875114807	13.9	14.0306407952494	NA	14.6570494260331	14.9999999999999	16.6899020803745	15.75	18.3484298252758	16.9240915284444	17.3169087508349	23.7530989830862	19.8999999983686	20.9154720273307	31.9272818883127
TX81/PHZ51	11.1	10.2692755672703	13.4930334740365	21	NA	NA	NA	NA	14.8829335522744	NA	NA	NA	18.5696243589365	NA	NA	NA	NA
W10004_0032/PHZ51	NA	NA	14.3821497816507	14.25	14.747066189678	15.4976861950489	14.7412973395356	14.8499999999999	15.3472665071018	NA	NA	15.7399673467078	16.6119076706801	16.2889418227703	17.699999905385	20.0955068636758	NA
W10004_0076/PHZ51	NA	NA	13.4870806660723	14.4	NA	NA	14.8541294562785	15.255962385496	13.9549374299591	15.0999999724982	NA	NA	17.442017784153	15.4409527863193	18.5826003728524	NA	NA
W10004_0082/PHZ51	NA	NA	14.9968366626743	15.3	15.577563345006	12.9840910876116	14.3256241808162	15.655962385496	13.5820260770086	NA	NA	NA	16.4780705076722	NA	18.3826001955376	NA	NA
W10004_0097/PHZ51	NA	NA	13.6125968709393	13.4	15.2157196047435	12.4807199241682	14.2735860365191	12.755962385496	14.7074539472074	NA	NA	NA	16.3100084517965	NA	17.7173998664513	NA	NA
W10004_0127/PHZ51	NA	NA	13.1530309255878	13.1	14.4906834453909	14.0891104255047	14.3657248347061	14.8440376145037	16.2762027556055	14.8000000275018	16.2515701747242	15.3611290619028	17.0398831758567	16.8873551686148	18.0826001868852	16.4538887260065	25.2488487930075
W10004_0204/PHZ51	NA	NA	14.8930334740365	13.8	14.8306407952494	NA	NA	14.455962385496	NA	NA	16.8515701747242	NA	17.958435615363	NA	18.2173998273003	21.273458835451	NA
W10004_0216/PHZ51	NA	NA	12.9274634742365	13.9	14.5846212038832	NA	14.5768372673038	14.8999999999999	15.8829335522744	15.95	16.6515701747242	16.7563372721408	16.9780705076722	21.8251604309475	18.6500000326258	20.3119374953127	31.4264080298556
W10004_0227/PHZ51	NA	NA	13.4930334740365	14.4	13.8672849381241	14.8760045063245	14.425421840761	14.955962385496	15.881461384937	16.2999999724982	16.7515701747242	19.6611290619028	17.4075552163079	17.8984802690142	18.9173997783616	21.1301358143418	29.4975716220715
W10004_0232/PHZ51	NA	NA	NA	14	14.2316402851824	NA	14.3657248347061	14.2440376145037	14.4561054165579	15.0000000275018	NA	NA	15.9861839037706	NA	19.3173997522609	NA	NA
W10004_0248/PHZ51	NA	NA	13.6940331723364	13.6	13.6672849381241	13.3149669575066	14.2798217983469	15.2440376145037	15.3003730585026	15.9000000275018	15.9484298252758	17.4406842854079	17.5026288408644	16.0409527863193	18.3826001868852	17.7728623875329	26.2595011704297
Z013E0078/PHZ51	13.3	NA	NA	14.6	NA	NA	15.973586036519	17.4440376145037	14.781461384937	NA	NA	NA	17.542017784153	NA	NA	NA	NA
Z022E0006/PHZ51	10	20.1342648294981	NA	NA	NA	NA	14.3798217983468	13.4440376145037	NA	NA	NA	NA	NA	NA	NA	NA	NA
Z022E0017/PHZ51	10.9	12.227833415823	13.0810835934975	13.8	NA	NA	NA	13.155962385496	NA	NA	NA	NA	NA	NA	NA	NA	NA
Z022E0025/PHZ51	NA	12.9358754168759	13.9524395868991	NA	NA	NA	14.8113271330846	13.255962385496	NA	15.3000000275018	17.5484298252758	NA	NA	NA	NA	NA	NA
Z022E0027/PHZ51	NA	12.984204077625	14.1052424343805	NA	14.2672849381241	NA	13.725421840761	NA	14.5899020803745	15.8000000275018	NA	NA	16.758435615363	NA	NA	NA	NA
Z022E0036/PHZ51	NA	NA	NA	13.8	14.3395536069229	NA	14.1570494260331	NA	NA	15.3999999724982	NA	NA	NA	NA	20.4173998273003	NA	NA
Z022E0042/PHZ51	NA	14.8096398977812	NA	NA	14.4609270804466	NA	15.2342617986425	NA	NA	17.2999999724982	NA	NA	NA	NA	19.7173997968017	NA	NA
Z022E0048/PHZ51	11.3	NA	NA	14.5	NA	NA	NA	15.655962385496	NA	17.4999999724982	NA	NA	NA	NA	20.3173997522609	NA	NA
Z022E0050/PHZ51	NA	10.527833415823	13.8242508955117	14.8	14.0523831569424	NA	NA	NA	NA	NA	NA	NA	NA	NA	19.8173997522609	NA	NA
Z022E0072/PHZ51	NA	NA	12.9052424343805	14	NA	13.2807199241682	13.9687997938489	14.1440376145037	14.0003730585026	NA	17.4515701747242	NA	16.7780705076723	NA	NA	NA	NA
Z022E0077/PHZ51	10.9	NA	NA	NA	NA	NA	14.3798217983468	13.755962385496	NA	15.1999999724982	NA	NA	NA	NA	NA	NA	NA
Z022E0097/PHZ51	12.8	NA	NA	16.4	NA	NA	15.0798217983468	NA	NA	17.0000000275018	NA	NA	NA	NA	NA	NA	NA
Z022E0110/PHZ51	10.3	11.8096398977812	NA	NA	14.6395536069229	NA	14.1615789943948	NA	NA	NA	17.6484298252758	NA	NA	NA	NA	21.8728623875329	NA
