line_code	SDH1_15	NEH1_15	NEH4_15	MOH2_15	NYH3_15	TXH1_15	WIH2_15	GAH1_15	INH1_15	NCH1_15	WIH1_15	ILH1_15	MNH1_15	OHH1_15	TXH2_15	DEH1_15	ONH2_15	ONH1_15
2369/PHZ51	108.577347503013	115.982846940694	131.05923972928	132.211431982631	140.207163378124	162.932907175435	155.02087108766	171.194543447085	153.625945226904	174.18722634845	164.184270924645	175.100701768412	174.461835675812	171.053672978218	173.402643465346	196.456068349759	207.144104257928	226.742114589286
A634/PHZ51	73.7638430347032	NA	NA	NA	104.154819387947	NA	195.879537287298	NA	123.546480748764	NA	152.903955944558	NA	181.405752853527	141.887459668558	NA	187.934406033827	197.082752397594	189.562265502624
A635/PHZ51	68.7747364294327	NA	NA	NA	99.270318775655	NA	NA	NA	NA	NA	NA	NA	129.539312528753	NA	NA	NA	188.915920348952	218.009700246116
A641/PHZ51	66.7177248433229	78.3044096147131	NA	NA	109.383347754627	NA	126.607450394281	NA	NA	NA	136.456687313219	112.622357790783	154.837300958022	NA	NA	NA	161.598903878774	183.528463313808
A672/PHZ51	79.8432740404933	NA	63.4879608528104	NA	113.444750709581	NA	145.810363750301	NA	NA	NA	NA	NA	144.689881304875	NA	NA	NA	181.863194498955	197.827955063195
A679/PHZ51	62.7451934505445	NA	NA	NA	109.524908006348	NA	145.954531513258	NA	NA	NA	162.41101926655	NA	156.89056691716	191.228566624165	NA	NA	196.363633379602	228.938760703529
A680/PHZ51	82.0813444412184	141.075034061665	NA	NA	99.8588589219782	NA	133.192786287047	NA	113.130120289342	NA	168.873694409542	NA	175.11805284353	NA	NA	NA	207.359219366542	249.302210067504
B103/PHZ51	NA	127.228051820125	NA	81.0198960339149	NA	NA	51.9788478167015	NA	144.596360221304	98.6170313355759	NA	NA	142.301056724074	154.664862170611	NA	NA	201.65070681712	187.255035112887
B104/PHZ51	NA	NA	NA	87.5869319844708	NA	160.901799218485	178.652139541552	119.224415167525	NA	150.885340172872	NA	153.091771422696	NA	NA	175.122588852166	171.682424109845	236.945359387025	NA
B106/PHZ51	NA	98.0193293004632	NA	89.224562154973	NA	107.683570770495	172.488368289082	118.26453200172	NA	138.36899993048	155.97658350023	NA	NA	NA	120.970567601802	181.741931258662	162.28448121204	NA
B109/PHZ51	NA	66.8821323592732	NA	110.227796152125	NA	NA	180.030503500859	NA	162.923557809183	137.609613733506	NA	NA	NA	196.665234720583	NA	NA	224.675102397444	NA
B111/PHZ51	NA	NA	106.2754223697	148.227668492907	NA	NA	179.414444734286	NA	NA	157.133555599777	122.581914586762	206.426695116901	174.917683914208	NA	NA	198.662431189752	201.34669416862	NA
B119/PHZ51	66.9743934406495	NA	110.601303442787	140.972350227418	NA	153.301199053255	125.077830735658	96.581627170245	NA	142.218604907587	NA	127.57743053438	172.458312719455	195.346201754213	132.563176959902	NA	NA	NA
B73/PHZ51	82.620904559953	122.828245500209	143.310086181622	107.214942893403	176.551901503217	148.37823347187	147.912966642985	154.90551571106	165.400076102823	169.086904001124	167.089749540049	136.631320970859	167.78955817237	181.329953045018	170.203280491154	230.592877969915	207.67811239299	240.160657781031
B73_PHG39-1/PHZ51	NA	NA	100.136336658277	NA	NA	107.30483390316	129.788077745765	126.32277254832	163.224531112931	171.284641826356	NA	194.885492974243	NA	NA	NA	NA	NA	NA
B73_PHG39-10/PHZ51	NA	NA	NA	95.382615861957	NA	140.06048803469	136.970767718523	113.23103574777	99.5565492104807	NA	NA	NA	NA	159.372938575985	177.314755391673	NA	NA	NA
B73_PHG39-11/PHZ51	NA	104.530213489913	100.169864009683	NA	NA	165.88061095369	NA	172.69962797718	102.533799174052	198.152051898832	NA	NA	NA	NA	NA	215.675460461915	NA	NA
B73_PHG39-13/PHZ51	NA	89.6916629971246	NA	NA	NA	155.0157724131	NA	152.5776976649	214.048708937062	166.666639552907	NA	153.80322613827	NA	93.5522263001298	NA	NA	NA	NA
B73_PHG39-14/PHZ51	NA	112.715050341243	124.036901075536	NA	NA	NA	98.1196560590932	NA	188.422249042948	187.63942255991	NA	152.664042761261	NA	201.86728873201	218.791702096287	200.678150456785	NA	NA
B73_PHG39-15/PHZ51	NA	120.298978486193	110.433080186972	144.472660428983	NA	108.3692423074	NA	126.47794945924	119.651863940202	NA	NA	NA	NA	NA	131.846086083737	162.146360138705	NA	NA
B73_PHG39-16/PHZ51	NA	NA	111.161448827946	NA	NA	NA	NA	NA	131.997168781008	136.586875437784	NA	113.11215793031	NA	148.517097059963	NA	175.457598603785	NA	NA
B73_PHG39-18/PHZ51	NA	152.044200581925	NA	NA	NA	157.28442378256	148.994541285051	200.84462101939	NA	174.138055900095	NA	193.024306053908	NA	NA	NA	247.660912685855	NA	NA
B73_PHG39-19/PHZ51	NA	105.732030902663	147.263944411357	126.899725142535	NA	NA	135.680387771967	NA	NA	NA	NA	NA	NA	NA	210.558376192047	224.460039724899	NA	NA
B73_PHG39-2/PHZ51	NA	94.8072549149332	NA	NA	NA	113.25547391948	NA	130.15353815441	175.049915934982	168.903246097155	NA	155.379409720226	NA	NA	NA	219.048582270976	NA	NA
B73_PHG39-20/PHZ51	NA	118.195235461043	NA	107.987392047577	NA	142.37481577172	NA	176.41138078294	160.684802104473	NA	NA	NA	NA	154.178543896244	129.625691250317	NA	NA	NA
B73_PHG39-21/PHZ51	NA	NA	153.904820813189	NA	NA	101.52953502912	142.54940724266	197.53198848875	174.268960415286	119.58712198354	NA	NA	NA	184.576123685845	NA	215.243172874414	NA	NA
B73_PHG39-22/PHZ51	NA	153.187614782525	145.016888258158	114.429013047767	NA	144.24456604249	NA	164.18243199065	NA	NA	NA	168.954533882996	NA	NA	147.84404146701	175.044460229132	NA	NA
B73_PHG39-23/PHZ51	NA	90.3765454988946	106.603262399307	NA	NA	135.13331426589	114.904860738719	186.70280995297	NA	138.041214305928	NA	NA	NA	179.003052141553	NA	196.675736718458	NA	NA
B73_PHG39-25/PHZ51	NA	NA	132.229455650829	NA	NA	130.98930170911	NA	145.57150397202	142.022995010593	153.219487638517	NA	149.476374824036	NA	165.59990166533	NA	203.827616211756	NA	NA
B73_PHG39-3/PHZ51	NA	72.2008726424546	NA	132.147592023925	NA	NA	183.909927189532	NA	NA	NA	NA	161.134788434768	NA	156.419855530811	165.829269814513	199.817781682346	NA	NA
B73_PHG39-5/PHZ51	NA	116.038057742935	144.640782806571	157.589286646823	NA	NA	NA	NA	NA	186.017945544847	NA	181.481255770176	NA	NA	187.880817634008	205.08113426263	NA	NA
B73_PHG39-6/PHZ51	NA	NA	NA	132.01483731993	NA	NA	NA	141.06677085027	NA	NA	NA	185.679453696962	NA	123.125804494313	172.638246434398	184.46699346877	NA	NA
B73_PHG39-7/PHZ51	NA	NA	130.136943422501	NA	NA	139.04166832744	165.605290583142	186.75738488351	NA	129.515972620316	NA	NA	NA	151.328795182993	NA	NA	NA	NA
B79/PHZ51	NA	106.360819370805	70.2069728530617	NA	NA	NA	NA	NA	159.342519654796	NA	NA	176.650612379925	NA	150.713295770124	NA	206.389000269415	NA	NA
CG102/PHZ51	78.0648923068554	76.2998371374346	99.4709479630725	NA	143.231350852019	NA	180.805470572749	NA	NA	NA	NA	177.270268613061	NA	160.287850468811	NA	186.102667711115	NA	196.415353750024
CG106/PHZ51	42.0925222613995	NA	NA	NA	122.809410106829	NA	NA	NA	NA	NA	190.674430458097	NA	155.448723547975	137.10977150217	NA	NA	172.121782052558	183.399622226411
CG118/PHZ51	64.9446441769503	NA	118.474530302718	NA	161.038539606018	NA	NA	NA	NA	NA	NA	145.144825009335	NA	NA	NA	NA	NA	195.626303619116
CG125/PHZ51	61.0346698719845	NA	NA	NA	132.720395397839	NA	116.827841739641	NA	NA	NA	NA	NA	165.828744850999	NA	NA	NA	216.631697443107	214.542362811852
CG127/PHZ51	73.9560053746112	63.5728464422446	NA	NA	135.774396093553	NA	164.250584741064	NA	NA	NA	NA	135.206967114328	172.618090927315	NA	NA	NA	207.513343882972	225.463942857718
CM105/PHZ51	NA	43.8248305957532	NA	NA	137.110960800689	NA	144.461962437162	NA	NA	NA	146.42671903882	NA	127.475072674505	NA	NA	NA	NA	185.86965876198
DK4676A/PHZ51	NA	NA	NA	94.4354111218918	NA	NA	NA	NA	141.034777277848	165.879281672761	198.465447721396	NA	NA	169.487591454483	NA	NA	NA	NA
DKFBHJ/PHZ51	NA	111.718061126345	104.638492270807	105.087724759214	NA	85.10388366679	NA	117.793850622905	NA	109.594855713308	NA	NA	188.18269861885	NA	202.511151313802	176.762307950205	NA	NA
GEMS-0113/PHZ51	69.6268466064336	121.880570201373	134.318218906366	119.480436644247	NA	130.75224048474	NA	118.705843739215	134.462640582688	172.107508634961	152.254902670747	NA	NA	184.12007656851	142.695279456481	186.448052734354	NA	NA
GEMS-0142/PHZ51	NA	86.4034905558446	66.4346125842004	105.885182198762	NA	141.020305447565	NA	169.863485000705	NA	191.240899284607	177.419740848878	164.467672867338	NA	175.076462517199	220.99779983727	208.860097696769	NA	NA
GEMS-0146/PHZ51	NA	112.500155159603	107.453388942613	82.540376250345	NA	147.447347347475	157.292012052814	140.211654016985	143.054435791712	NA	206.941934144679	202.585315655686	190.483336354114	219.886528029643	202.693348806799	254.246353832787	209.806550197244	NA
GEMS-0147/PHZ51	NA	126.379517585565	124.488728689389	NA	NA	NA	NA	NA	136.4563635553	NA	202.568641287818	167.30482382434	NA	168.682157879898	NA	197.403535073815	NA	NA
GEMS-0148/PHZ51	85.9347154577447	128.579815133055	150.978691292004	NA	134.877297898208	NA	NA	NA	184.646604174751	NA	104.7283510884	NA	178.180198633004	163.889092089881	NA	169.090085021675	NA	213.443382658868
GEMS-0150/PHZ51	65.5483934543709	95.5411089966339	152.041976873356	74.5049927504449	93.7556738445206	135.041654683765	118.599015140595	164.384348274815	133.526040293736	177.088345965446	166.091620753741	152.236243342311	158.726215940402	176.97077419297	169.959705981269	204.312276776966	193.224821651125	NA
GEMS-0162/PHZ51	NA	97.5293536102446	92.5150542079629	80.2344235015275	NA	147.60230508197	150.045562261914	150.115962821315	153.667778925856	185.03912110523	152.45604691053	188.134755835065	NA	169.486119324749	181.917690227603	221.333926403524	245.758022933809	216.16935592662
GEMS-0163/PHZ51	NA	123.025087850069	129.188281518291	173.870751716485	NA	142.54787747916	NA	157.986752727985	198.480746954815	152.863351042298	216.90018131794	187.264489243947	NA	184.055926115604	183.001416651924	221.058775988708	NA	NA
GEMS-0182/PHZ51	NA	167.211238613155	130.942733600132	151.52302688768	NA	130.688065626665	NA	158.662912007925	147.388637279466	178.079112917056	175.677134615282	164.787732693741	160.632558212916	190.316204393073	191.349544531902	208.118894833555	NA	NA
GT601/PHZ51	NA	116.933539568345	104.66253226062	127.882817002302	NA	162.3873770465	NA	111.81570396488	NA	146.814821044106	NA	NA	NA	NA	161.042894000002	NA	NA	NA
GT602/PHZ51	NA	62.0023012190346	55.1856871463517	96.9638395726694	NA	134.504234082655	NA	128.751247368975	NA	161.151421665326	NA	NA	NA	NA	195.465000014474	NA	NA	NA
LH145/PHZ51	87.7226205573541	113.605213485343	NA	119.590721065647	124.978756483649	NA	83.0655995686133	NA	129.530641188055	160.446498974676	134.906409393833	NA	153.630321357569	164.041426174489	NA	171.111486931294	210.772105414276	221.411820689385
LH146HT/PHZ51	62.0735929678639	94.0696536965246	87.9524495717978	72.9971662827676	NA	NA	NA	NA	NA	109.087023929968	156.321796402926	117.367921665915	NA	NA	NA	NA	205.972639471727	NA
LH195/PHZ51	92.4755673576272	119.410737048844	128.101163992953	130.488176575171	96.7922495882771	168.4231451874	146.646437610871	168.991601170695	154.064799399033	176.307406430513	138.05372074975	153.885245206848	170.302973110392	167.627828259466	145.129956173545	208.664291245081	210.600292952277	215.422412853343
LH198/PHZ51	NA	191.912136843234	154.830072719239	101.241689328752	159.722814812438	126.321632830895	NA	133.69668949304	176.5607040961	157.218437783648	NA	180.013428012312	193.677899161143	174.223775042319	NA	209.446989870319	200.990497798569	218.354714016887
M0012/PHZ51	NA	NA	108.236863974541	NA	NA	NA	NA	NA	NA	NA	114.313958880675	182.352706327055	NA	159.568548943264	152.388776897617	177.203317257086	NA	NA
M0024/PHZ51	NA	121.280845567845	NA	133.071188763257	NA	NA	175.730005874012	NA	NA	NA	NA	152.107411965921	153.875183147709	147.203686208558	NA	180.063916526992	NA	NA
M0039/PHZ51	NA	NA	98.7157217557177	108.370244930208	NA	139.82281311632	NA	110.02108737359	NA	NA	NA	NA	NA	NA	144.018327259683	NA	NA	NA
M0041/PHZ51	NA	NA	76.7579493976529	101.880852981903	NA	NA	114.153208277717	NA	NA	147.05453109902	175.923378430595	135.749503775983	NA	NA	NA	NA	211.383045854372	NA
M0052/PHZ51	NA	101.277635300513	110.627099814421	117.122407706047	NA	NA	NA	NA	NA	NA	119.040278551024	144.895735298321	NA	NA	NA	179.018089015922	NA	NA
M0058/PHZ51	NA	151.416844066443	NA	NA	NA	NA	NA	NA	NA	NA	152.545922024927	NA	NA	156.905800023365	209.019961703672	NA	223.85018725084	NA
M0077/PHZ51	NA	NA	174.189002480897	93.2201613275331	115.667089781429	NA	124.994140321149	NA	NA	125.614026753544	165.826719791229	205.986691374643	NA	NA	NA	NA	NA	215.52145349518
M0083/PHZ51	NA	85.5308176906846	NA	147.676283238064	NA	NA	NA	NA	168.365758204965	NA	NA	NA	160.678677368448	181.36418138816	NA	188.778205520146	214.188213420667	NA
M0143/PHZ51	NA	NA	NA	159.020747969652	NA	151.1470454497	NA	108.85397289525	150.647689163072	NA	NA	202.429604926108	NA	NA	165.390325182443	158.81546105808	NA	NA
M0163/PHZ51	NA	NA	NA	NA	NA	NA	154.385532385774	NA	194.58363549799	182.603571917306	NA	151.235388287542	NA	NA	168.682152057053	222.14221206894	NA	NA
MP718/PHZ51	NA	66.4540807956732	NA	140.889808587992	NA	164.036285148555	NA	171.89190804642	NA	177.989767621478	NA	NA	NA	NA	168.177110210745	NA	NA	NA
MP719/PHZ51	NA	NA	NA	119.424338545434	NA	153.272925294065	NA	172.222097334985	NA	163.734894966504	NA	NA	NA	NA	171.007954305227	NA	NA	NA
N192/PHZ51	NA	72.1894170211646	150.010819811992	96.7779992365852	NA	107.23075227054	NA	132.06985245727	NA	141.604687083676	NA	NA	NA	NA	145.060520212198	144.43732798962	NA	NA
N542/PHZ51	NA	103.782588602865	NA	98.829078444905	NA	111.572549635815	NA	154.09406978103	134.354556379791	NA	NA	140.46273913631	NA	NA	146.020831566296	NA	NA	NA
NKH8431/PHZ51	NA	NA	131.978728166463	137.465872404436	NA	122.316490458805	NA	143.23650789784	NA	NA	NA	NA	NA	144.956846068884	NA	NA	NA	NA
PHAW6/PHZ51	NA	NA	126.068258625651	92.8904364819318	NA	110.407276239475	NA	152.40317843422	NA	203.677101307077	NA	NA	NA	147.244721131371	155.051453814486	189.98042078663	NA	NA
PHB47/PHZ51	66.4852265321382	111.198948802774	132.389329993817	135.933457083982	126.183729231951	136.51149564426	163.767273882638	126.564524148245	143.905206782797	167.407905514022	179.251235788209	188.055671155858	166.887128661491	150.289455383518	173.892472132952	201.560098013675	213.452997430514	214.825302881958
PHG72/PHZ51	NA	82.9070712845646	128.073348666398	NA	NA	NA	NA	NA	164.19684019873	NA	118.266687931057	165.09115598176	NA	127.927254297723	NA	187.176575186269	NA	NA
PHG80/PHZ51	86.3838359917176	161.568599664959	148.622060945803	124.442368588264	153.058119853728	123.104473552235	147.063169882782	165.592503539275	196.991707795933	156.108696747494	154.865051752122	180.367563181549	180.935342822495	178.542494610945	194.64199045742	214.594907124269	209.286626987843	213.69375139243
PHHV4/PHZ51	NA	NA	NA	87.8891843604369	NA	149.59382977605	NA	136.21365679644	164.60678953941	152.034030885996	NA	NA	NA	NA	122.832811696261	196.416898816151	NA	NA
PHJ40/PHZ51	67.6510930508167	NA	NA	NA	120.465647028141	NA	147.334038326423	NA	115.629126774536	NA	143.920611730148	128.099339161195	157.248662214567	133.846537473103	NA	NA	200.728825878222	170.67878848288
PHKE6/PHZ51	NA	NA	NA	80.079824314835	NA	116.62776627377	126.604982355655	142.41382917588	NA	120.939905845266	161.947557131257	NA	165.621189371359	NA	124.855403239571	NA	213.990102019099	NA
PHM49/PHZ51	NA	NA	99.9834217837057	111.573763327133	NA	80.32627589236	NA	144.13343263474	159.055181528073	140.957139640471	NA	NA	NA	NA	173.406508354676	174.791712253259	NA	NA
PHM81/PHZ51	NA	NA	NA	NA	NA	NA	116.189503389324	NA	NA	NA	NA	109.413934401818	152.844397893163	130.118738767941	NA	135.438961011581	NA	NA
PHR25/PHZ51	97.5303006744627	NA	NA	105.009465163085	NA	NA	NA	NA	123.104038223796	77.8175567574672	132.882681826286	NA	NA	NA	NA	NA	197.034733057007	NA
PHRE1/PHZ51	77.1740915965239	87.3114508258845	NA	NA	104.407463562335	NA	167.975534898337	NA	NA	NA	190.939148230962	105.76534311632	150.02125316049	NA	NA	NA	187.282727099304	198.665488689665
PHW53/PHZ51	NA	69.8168170577132	NA	NA	NA	85.665062992675	NA	106.801824001225	NA	77.6256707984889	74.4928529034818	NA	NA	NA	109.255822551357	85.7644168994406	NA	NA
PHW65/PHZ51	NA	110.536232083673	NA	89.4948226205394	NA	NA	NA	NA	154.42679668234	128.671752918011	NA	NA	NA	144.855191031608	NA	NA	NA	NA
R226/PHZ51	NA	60.3644975358432	NA	67.8708703829449	NA	NA	NA	NA	146.221819208453	160.109169935176	123.678643851085	NA	NA	171.206683590953	NA	215.960952927315	NA	NA
SD101/PHZ51	60.9797082201823	NA	NA	NA	118.146745998554	NA	NA	NA	125.993086103424	NA	135.807861797302	NA	NA	120.95652503305	NA	185.395869098101	186.47369400514	202.709768068839
TX29A/PHZ51	NA	NA	NA	85.0414207500771	NA	143.5567027413	NA	141.89887415863	NA	134.382914879616	NA	NA	NA	116.055851904738	152.267731545129	194.201503333631	NA	NA
TX303/PHZ51	NA	142.588403460735	NA	128.134792537952	NA	143.32292916335	NA	129.73923991165	136.172879854696	161.137058145926	NA	NA	NA	146.86177825973	172.096318661869	NA	NA	NA
TX714/PHZ51	59.5298123322814	101.481688554853	120.255575619636	103.049107148239	81.9375516712668	149.92978340467	148.698345392082	153.7484285543	140.613237351512	178.918599258382	188.814474316828	142.869486553181	181.937624714865	163.107330687367	165.062901574282	216.73737256143	176.277382765316	243.684713696619
TX81/PHZ51	NA	NA	NA	118.017415237102	NA	151.00624651245	NA	150.36155000873	145.10902810836	187.639482685456	157.285675955261	NA	NA	NA	170.548788991538	NA	NA	NA
W10004_0032/PHZ51	86.5739863322422	143.342041347854	76.9256234801555	131.003804944337	64.2820576530868	NA	160.084391708888	NA	175.797695230907	181.458556059146	189.015803510102	165.011711300345	NA	195.356992821053	NA	150.948775293867	209.790049002581	NA
W10004_0076/PHZ51	NA	101.596449332473	NA	107.372232510196	95.3953243544187	NA	NA	NA	155.520410406638	143.651729018442	158.381041680609	NA	158.026742261374	158.193874387745	NA	194.943445933198	NA	NA
W10004_0082/PHZ51	NA	124.035863522343	126.556243508841	97.6000958499994	NA	NA	NA	NA	139.129866162873	114.567418882428	194.41887633918	167.697456708238	NA	172.660637199943	NA	165.852434282465	NA	NA
W10004_0097/PHZ51	NA	108.226755971725	68.8172191960033	107.581610462456	NA	NA	NA	NA	141.551247206898	164.494162799987	154.890035145558	153.44658225486	NA	129.161180819024	NA	223.964026306041	NA	NA
W10004_0127/PHZ51	43.3804179026639	72.3511687047832	101.855166499231	92.510918237265	125.585065093499	NA	111.793552735907	NA	147.261336606199	157.969479183037	127.262544437552	NA	162.092833444096	183.792553806129	NA	194.839797837091	201.411024362521	192.067146988971
W10004_0204/PHZ51	NA	NA	107.381912058926	104.587362927248	NA	NA	NA	NA	167.489428583762	110.191896583804	NA	144.743772433815	NA	154.077982940503	NA	183.067261097971	208.969272987953	NA
W10004_0216/PHZ51	124.015933932861	106.189876108764	139.358744712888	126.678061462273	117.182590950722	NA	156.849539020381	NA	184.427363342232	198.401087479218	175.306752633948	166.972947847886	146.465279508025	192.403995749227	NA	202.823510049288	191.015174640852	244.40892954721
W10004_0227/PHZ51	111.031589466184	88.3639793476031	99.3355679072681	116.680263608205	124.159599545267	NA	142.126793600148	NA	159.647796878705	174.015329851241	197.514329313513	190.544995813231	160.818594318608	190.003635452829	NA	158.676760397212	185.779620201917	230.395861114678
W10004_0232/PHZ51	NA	118.633515257953	108.361632141884	80.4274105784949	NA	NA	154.701513434984	NA	146.857856613158	183.548050942298	156.479359880848	NA	153.319032610755	187.09146329218	NA	193.182234414424	NA	NA
W10004_0248/PHZ51	84.9728110139895	94.9592031466246	94.8155070473281	129.043773423485	114.281669472299	NA	151.871369425455	NA	106.106910464114	178.59393267128	180.915707744565	170.466856192252	153.547116626766	164.158026562395	NA	192.484527943341	201.574802872747	204.052300169193
Z013E0034/PHZ51	NA	121.380775407185	131.808236743721	145.016079616069	NA	NA	NA	NA	NA	NA	153.51552784871	172.439031877928	NA	208.621178295025	NA	NA	NA	NA
Z013E0037/PHZ51	NA	NA	133.976529879242	153.487346962516	NA	134.07285103735	NA	140.94600463852	NA	NA	NA	154.149449007937	NA	NA	NA	NA	NA	NA
Z013E0058/PHZ51	NA	NA	158.558211286366	NA	NA	128.62675515795	NA	178.65147346385	NA	NA	162.96035112356	202.449594406895	NA	NA	181.488664174307	NA	NA	NA
Z013E0078/PHZ51	NA	148.218636763055	NA	NA	NA	163.80238006475	NA	178.4008452186	132.683695566721	168.529042615372	173.87939078304	158.615125645593	NA	177.045579684638	NA	NA	NA	NA
Z013E0082/PHZ51	NA	NA	96.6342497396525	168.757898704827	NA	158.19190186446	NA	160.87966239927	NA	NA	180.695153445432	NA	NA	NA	NA	NA	NA	NA
Z022E0025/PHZ51	NA	122.622935374283	NA	NA	NA	NA	NA	NA	NA	NA	NA	167.07426430101	163.17777824113	168.7166489165	125.861711987802	NA	NA	NA
Z022E0027/PHZ51	NA	138.626438324793	110.758049727378	NA	NA	NA	140.156950040375	NA	NA	155.264652266914	97.6987041809	144.193012341925	140.396655663717	NA	128.102403317879	NA	NA	NA
Z022E0036/PHZ51	NA	55.9747443681532	69.1403050993123	NA	NA	NA	NA	NA	85.1258329274506	NA	141.180197953409	NA	134.440839373816	NA	NA	186.299196852891	NA	NA
Z022E0042/PHZ51	NA	73.0800326097432	103.151679998413	NA	NA	NA	NA	NA	NA	NA	170.87714423635	158.485068849635	175.761048254124	NA	204.393075243408	199.017849277816	NA	NA
Z022E0048/PHZ51	NA	NA	NA	NA	NA	122.86679863387	NA	148.27646985642	100.527545824012	NA	NA	NA	167.312723606002	136.640065007984	NA	151.475271508274	NA	NA
Z022E0050/PHZ51	NA	NA	94.9499311006779	NA	NA	NA	NA	NA	126.718817642105	NA	129.033536376592	143.725391079415	NA	NA	213.547840306877	185.437017657074	NA	NA
Z022E0072/PHZ51	NA	132.813178613595	NA	NA	NA	NA	152.34824503677	NA	195.266200843642	175.686738378248	178.963436341847	NA	NA	170.647063981373	NA	NA	NA	NA
Z022E0073/PHZ51	NA	NA	NA	NA	NA	NA	149.214999891582	NA	NA	NA	NA	137.01534285905	NA	154.519126887611	144.149437645082	NA	NA	NA
Z022E0077/PHZ51	NA	62.6645793252046	NA	123.914967433896	NA	134.20067473007	NA	134.22715124256	NA	NA	NA	NA	123.186423543712	138.276582335984	NA	NA	NA	NA
Z022E0097/PHZ51	NA	141.763598727425	NA	NA	NA	149.68662907561	NA	154.98787125383	144.245269580485	NA	NA	164.42221544516	188.164060818946	NA	NA	NA	NA	NA
Z022E0110/PHZ51	NA	101.774420591893	36.4863634420624	NA	NA	142.18202818578	NA	165.02089141542	NA	NA	NA	NA	NA	NA	155.872893526538	NA	203.691100323677	NA
Z022E0123/PHZ51	NA	92.5852735128431	58.3133423597261	NA	NA	NA	120.346094315217	NA	NA	NA	NA	129.815605281527	NA	NA	NA	NA	NA	NA
