line_code	GAH1_15	DEH1_15	OHH1_15	TXH1_15	ILH1_15	INH1_15	SDH1_15	MOH2_15	MNH1_15	MOH1_15	TXH2_15	NYH3_15	ONH2_15	NYH2_15	ONH1_15
2369/PHZ51	59.5	63.2026148539958	64.4287771269856	69	69.5182366250949	68.3421684987782	70.3463634373885	70.4929948323634	73.9999999999983	74.9339579532044	75.5000000000017	76.2571504772392	79.0004421763933	85.4386139296044	89.0338723961311
A634/PHZ51	NA	60.16970445146	63.1432367183084	NA	NA	69.0508479397102	68.6366176969446	NA	71.9324904413629	NA	NA	74.7171749227139	78.9916191383894	80.7374262825258	87.2312326990279
A635/PHZ51	NA	NA	NA	NA	NA	NA	68.5170004555555	NA	73.9324904413629	NA	NA	74.0085593390672	78.9630466363928	81.6111275458072	87.515129479407
A641/PHZ51	NA	NA	NA	NA	63.5809152493928	NA	65.5669519146374	NA	74.0675095586372	NA	NA	73.8256859612844	76.0459324537376	77.1649486572752	81.2737361663384
A672/PHZ51	NA	NA	NA	NA	NA	NA	67.5566690819444	NA	75.9324904413629	72.8975626180935	NA	74.486142475831	78.0807996491249	82.0143950460071	86.0763950615066
A679/PHZ51	NA	NA	61.4119427107824	NA	NA	NA	67.8066376745472	NA	70.9324904413629	NA	NA	73.978148874019	79.0026789240804	82.0174885824654	84.7312326990279
A680/PHZ51	NA	NA	NA	NA	NA	67.8691676014192	71.4413078112734	NA	75.0675095586372	NA	NA	81.4873097878522	79.3997614565186	85.2820623972277	86.7448255832738
B103/PHZ51	NA	NA	63.4456115431931	NA	NA	67.0508479397102	NA	72.8011717925732	76.0675095586372	NA	NA	NA	79.9606620234577	85.8199144524993	89.5562495777287
B104/PHZ51	59.5	63.0981705942185	NA	68	69.4523800954352	NA	NA	72.2748367356511	NA	70.3626911334412	74.5	NA	78.7783315848724	NA	NA
B106/PHZ51	56.5	61.5612773692743	NA	67	NA	NA	NA	72.4206647668015	NA	NA	73.5	NA	78.9606620234577	82.5819785252587	NA
B109/PHZ51	NA	NA	63.026072845097	NA	NA	68.1156603825726	NA	71.7520205346564	NA	78.1319278491473	NA	NA	78.2740869887657	84.5819785252587	NA
B111/PHZ51	NA	64.5612773692744	NA	NA	69.5888295606883	NA	NA	71.7353919892569	74.0675095586372	73.6869195760179	NA	NA	79.037837716389	84.9552579765277	NA
B119/PHZ51	59.5	NA	63.026072845097	67	69.5283202026578	NA	72.567738444315	69.6214112548728	73.9324904413629	75.1185956422916	76	NA	NA	81.7181509073277	NA
B73/PHZ51	57	63.1171746677806	63.432515255567	66	69.980852369806	68.1156603825726	74.5515330006383	73.053745737119	71.0000000000001	75.0183186052095	74.5	76.7156081361837	80.4483220371394	84.52487073771	88.8482052215843
B73_PHG39-1/PHZ51	58	NA	NA	65	68.5518164487405	67.010068737455	NA	NA	NA	NA	NA	NA	NA	NA	NA
B73_PHG39-10/PHZ51	56	NA	63.4119427107824	66	NA	66.010068737455	NA	70.2895390447278	NA	NA	75.0000000223421	NA	NA	NA	NA
B73_PHG39-11/PHZ51	58	63.5426188779465	NA	68	NA	69.8691676014192	NA	NA	NA	NA	NA	NA	NA	NA	NA
B73_PHG39-13/PHZ51	56	NA	63.8534047447588	66	68.5051316147375	68.017568375884	NA	NA	NA	NA	NA	NA	NA	NA	NA
B73_PHG39-14/PHZ51	NA	65.0981705942185	65.4530878003516	NA	69.441168680509	68.8430044831655	NA	NA	NA	NA	78.9999999776579	NA	NA	NA	NA
B73_PHG39-15/PHZ51	56	63.5426188779465	NA	68	NA	67.8691676014192	NA	71.2089558123623	NA	NA	74.0000000223421	NA	NA	NA	NA
B73_PHG39-16/PHZ51	NA	64.0981705942185	62.3177203345429	NA	66.5051316147375	67.6007049885251	NA	NA	NA	NA	NA	NA	NA	NA	NA
B73_PHG39-18/PHZ51	58	61.5426188779465	NA	68	68.4182208533371	NA	NA	NA	NA	NA	NA	NA	NA	NA	NA
B73_PHG39-2/PHZ51	56	62.3121441083792	NA	66	66.5556265739317	66.8691676014192	NA	NA	NA	NA	NA	NA	NA	NA	NA
B73_PHG39-20/PHZ51	54	NA	61.6173351263884	66	NA	66.1156603825726	NA	69.7353919892569	NA	NA	73.0000000223421	NA	NA	NA	NA
B73_PHG39-21/PHZ51	61	61.3382036379701	63.4119427107824	69	NA	69.1916687260734	NA	NA	NA	NA	NA	NA	NA	NA	NA
B73_PHG39-22/PHZ51	58	62.8512050726226	NA	70	67.4523800954352	NA	NA	69.7353919892569	NA	NA	74.9999999776579	NA	NA	NA	NA
B73_PHG39-23/PHZ51	56	60.8982257731879	63.2622239842029	65	NA	NA	NA	NA	NA	NA	NA	NA	NA	NA	NA
B73_PHG39-24/PHZ51	56	NA	63.3177203345429	68	NA	NA	NA	69.9302754894884	NA	NA	77.9999999776579	NA	NA	NA	NA
B73_PHG39-25/PHZ51	61	63.3121441083792	63.8534047447588	69	68.5556265739317	66.4619928723421	NA	NA	NA	NA	NA	NA	NA	NA	NA
B73_PHG39-3/PHZ51	NA	61.8162790763634	62.3542037561177	NA	66.442523411912	NA	NA	69.7520205346564	NA	NA	74.0000000223421	NA	NA	NA	NA
B73_PHG39-5/PHZ51	NA	63.3726600927864	NA	NA	69.4523800954352	NA	NA	70.2089558123623	NA	NA	74.0000000223421	NA	NA	NA	NA
B73_PHG39-6/PHZ51	56	62.3726600927863	63.2622239842029	NA	66.5818778104071	NA	NA	71.67154862657	NA	NA	73.0000000223421	NA	NA	NA	NA
B79/PHZ51	NA	61.1361787413428	62.9681364380609	NA	67.5029690269561	68.1916687260734	NA	NA	NA	NA	NA	NA	NA	NA	NA
CG102/PHZ51	NA	60.1361787413428	57.7686541604832	NA	62.5888295606882	NA	66.0659453237579	NA	NA	NA	NA	69.3143603558337	NA	NA	81.604754893509
CG106/PHZ51	NA	NA	58.8534047447588	NA	NA	NA	65.5332673536637	NA	63.9324904413629	NA	NA	69.1157969562096	72.0471547315045	75.9848508499253	82.5561101771177
CG118/PHZ51	NA	NA	NA	NA	62.3565869457287	NA	65.0735936226501	NA	NA	NA	NA	69.8824071465299	NA	NA	82.6678119515812
CG125/PHZ51	NA	NA	NA	NA	NA	NA	65.5090342521826	NA	70.0675095586372	NA	NA	74.5057416154188	70.8706888224833	76.889507432861	81.9745216871406
CG127/PHZ51	NA	NA	NA	NA	62.4182208533371	NA	65.0560983981174	NA	64.9324904413629	NA	NA	68.816876487061	73.964696656854	76.286130169949	83.3474446893277
CGX333/PHZ51	NA	NA	NA	NA	NA	NA	NA	NA	65.9324904413629	NA	NA	75.3196525000374	NA	78.7989122174379	82.609598756353
DK4676A/PHZ51	NA	NA	60.026072845097	NA	NA	64.6007049885251	NA	68.8643264997024	NA	72.7164938947516	NA	NA	NA	NA	NA
DKFBHJ/PHZ51	54	61.0309233661152	NA	65	NA	NA	NA	69.1542958321387	72.9324904413629	NA	72.5	NA	NA	NA	NA
GEMS-0113/PHZ51	58.5	62.3382036379701	63.4530878003516	67	NA	66.6007049885251	71.0695401187667	71.7353919892569	NA	75.0745243532168	75.5	NA	NA	NA	NA
GEMS-0142/PHZ51	61	63.1858419530662	63.8934681525654	68.5	69.442523411912	NA	NA	63.3063196816648	NA	72.6869195760179	76.5	NA	NA	NA	NA
GEMS-0146/PHZ51	61	64.16970445146	63.2622239842029	68	69.4523800954352	66.8691676014192	NA	74.9302754894884	75.0000000000001	76.5549409183274	75.5	NA	79.9272895172933	81.8281662482066	NA
GEMS-0147/PHZ51	NA	64.0981705942185	66.1432367183084	NA	70.5283202026578	70.6777577288478	NA	NA	NA	79.1185956422916	NA	NA	NA	NA	NA
GEMS-0148/PHZ51	NA	63.0981705942185	64.4456115431931	NA	NA	66.7550554927881	73.9447154948099	NA	76.5000000000001	NA	NA	76.2875786964595	NA	NA	88.3130607121574
GEMS-0150/PHZ51	61	64.4273814931628	63.0146389185854	70	69.0085444423129	68.5563667016959	72.0215658530346	71.8011717925732	76.0000000000001	77.5479792756267	76	80.3050257826442	79.9631840234871	NA	NA
GEMS-0162/PHZ51	59.5	63.3382036379701	63.8934681525654	67	70.5029690269561	68.1916687260734	NA	72.6214112548728	NA	74.4495766583061	74.5	NA	79.9542632694362	84.0622005471369	88.8258623805075
GEMS-0163/PHZ51	62	65.1593828727359	65.938893652426	71.5	70.0000622780746	69.1212583328918	NA	71.7520205346564	NA	75.7262517682104	78.5	NA	NA	89.7067385480669	NA
GEMS-0182/PHZ51	57	62.5426188779465	63.3177203345429	66.5	68.5888295606883	69.1916687260734	NA	70.6185293003301	76.0000000000001	74.0812974856586	74	NA	NA	NA	NA
LH145/PHZ51	NA	59.8201093095668	60.8934681525654	NA	NA	68.8413325144035	67.2604354184777	67.7353919892569	76.0675095586372	NA	NA	71.6586448603266	77.8311943957381	81.4176625462069	87.3214973819836
LH146HT/PHZ51	NA	NA	NA	NA	64.5745654727137	NA	67.019401851285	66.6214112548728	NA	72.5238507621758	NA	NA	76.1989242853133	NA	NA
LH195/PHZ51	62	65.019372318123	65.775490456306	70	70.501202428131	68.0514902194653	75.1178161896371	72.7242355773229	76.0000000000001	77.0022587883168	77.5	82.2449059267852	79.500976112699	87.7308260264034	88.8035076716005
LH198/PHZ51	59.5	62.4936919069827	63.052574814261	66.5	68.4990749929219	67.9995272971347	NA	72.2098505464517	75.5000000000001	71.9626694203589	NA	74.3727968753914	79.0102019528676	82.3682881594749	86.4526549091084
M0012/PHZ51	NA	62.8162790763634	62.7303442279429	NA	69.5029690269561	NA	NA	NA	NA	73.8487309281817	75.0000000223421	NA	NA	NA	NA
M0024/PHZ51	NA	63.5612773692743	63.1432367183084	NA	66.5888295606883	NA	NA	71.2895390447278	78.0675095586372	71.6319536773971	NA	NA	NA	NA	NA
M0041/PHZ51	NA	NA	NA	NA	66.5809152493928	NA	NA	69.2089558123623	NA	72.6319536773971	NA	NA	77.1892095099971	NA	NA
M0077/PHZ51	NA	NA	NA	NA	69.5518164487405	NA	NA	72.4206647668015	NA	73.7164938947516	NA	78.6586448603266	NA	NA	86.5636368353316
M0083/PHZ51	NA	61.3121441083792	61.4530878003516	NA	NA	67.117294075027	NA	69.1542958321387	73.9324904413629	NA	NA	NA	78.8706888224833	79.9552579765277	NA
M0143/PHZ51	55	62.3726600927863	NA	66	67.4182208533371	67.8691676014192	NA	70.8643264997024	NA	NA	73.0000000223421	NA	NA	NA	NA
M0163/PHZ51	NA	61.0066216370925	NA	NA	70.4029197848461	67.6777577288478	NA	NA	NA	NA	74.0000000223421	NA	NA	NA	NA
N192/PHZ51	55.5	60.3726600927863	NA	66	NA	NA	NA	69.0996291580516	NA	NA	73	NA	NA	NA	NA
N542/PHZ51	55	NA	NA	66.5	69.4346573152777	66.7550554927881	NA	71.9302754894884	NA	NA	73.5	NA	NA	NA	NA
NKH8431/PHZ51	55	NA	64.9681364380609	66	NA	NA	NA	69.6964506199893	NA	71.8975626180935	NA	NA	NA	NA	NA
PHAW6/PHZ51	59.5	62.6385558714967	64.3542037561177	70	NA	NA	NA	70.8643264997024	NA	72.1390745923256	76	NA	NA	NA	NA
PHB47/PHZ51	56.5	61.6523202074782	61.88307323345	65.5	67.5419112510499	66.9029517162491	72.4715843856381	70.3278536228045	75.0000000000001	74.0963980362194	73	73.5781757793093	78.0189587015947	82.1918260122266	85.7698060711043
PHG72/PHZ51	NA	61.1858419530662	62.3177203345429	NA	64.4346573152778	65.6777577288478	NA	NA	NA	69.4495766583061	NA	NA	NA	NA	NA
PHG80/PHZ51	57	64.7792510229263	61.8310611565243	66	68.0030042490353	68.7981940035958	73.9354392529963	72.448123995262	76.5000000000001	77.2647581477453	77.5	80.8946382768251	79.6736911111932	82.6646392265675	86.705403552357
PHHV4/PHZ51	57	61.8857143560251	NA	66	NA	66.5968015046965	NA	68.7353919892569	NA	73.8975626180935	73	NA	NA	NA	NA
PHJ40/PHZ51	NA	NA	58.3177203345429	NA	64.4949929414116	64.1540300509674	65.8714552290381	NA	73.0675095586372	NA	NA	72.6469975521123	76.7628963551267	76.4386139296128	83.2796975176915
PHKE6/PHZ51	54	NA	NA	65.5	NA	NA	NA	69.9302754894884	74.0000000000001	NA	74	NA	76.9555561462047	80.5726762388398	NA
PHM49/PHZ51	59.5	62.1858419530662	NA	68	NA	71.1156603825726	NA	70.4206647668015	NA	NA	75	NA	NA	NA	NA
PHM81/PHZ51	NA	59.2951748257341	58.4456115431931	NA	61.4182208533371	NA	NA	NA	64.9324904413629	69.7882568531717	NA	NA	NA	74.7181509073277	NA
PHR25/PHZ51	NA	NA	NA	NA	NA	62.784616942937	67.0179757605816	66.8011717925732	NA	69.3440651442571	NA	NA	74.8167413181975	NA	NA
PHRE1/PHZ51	NA	NA	NA	NA	63.5283202026578	NA	61.4203326484782	NA	70.9324904413629	69.3626911334412	NA	74.0085593390672	75.2740869887657	78.6111275458072	83.3214973819836
PHW53/PHZ51	59.5	66.2951748257341	NA	67	NA	NA	NA	NA	NA	NA	77	NA	NA	NA	NA
PHW65/PHZ51	NA	NA	66.2288590432031	NA	NA	69.6777577288478	NA	72.8545354530358	NA	73.0812974856586	NA	NA	NA	NA	NA
R226/PHZ51	NA	66.1361787413427	63.2622239842029	NA	NA	67.4619928723421	NA	73.8011717925732	NA	NA	NA	NA	NA	NA	NA
SD101/PHZ51	NA	61.374306341878	62.3542037561177	NA	NA	64.2697289202263	70.0536194328388	NA	NA	NA	NA	75.5016230105133	76.5029754140973	83.2633265002831	85.5326130586286
TX29A/PHZ51	61	63.8857143560251	68.1432367183084	68.5	NA	NA	NA	73.2895390447278	NA	NA	76.5	NA	NA	NA	NA
TX303/PHZ51	61	NA	66.8534047447588	69	NA	74.784616942937	NA	73.8643264997024	NA	NA	77.5	NA	NA	NA	NA
TX714/PHZ51	58.5	63.3251738731746	64.3854040674472	69	69.441168680509	67.4433679886516	70.4238130885185	73.0291701081606	75.5000000000001	73.1319278491473	76.5	81.5117720484426	78.8311943957381	81.9848508499253	89.1816869209467
TX81/PHZ51	59.5	NA	NA	67	NA	71.6777577288478	NA	71.8643264997024	NA	NA	75	NA	NA	NA	NA
W10004_0032/PHZ51	NA	60.5963847011766	62.7780417272312	NA	65.0347792070626	67.21906700955	66.6827333527985	69.7353919892569	NA	72.568248117162	NA	72.4680892455751	75.6874916518838	NA	NA
W10004_0076/PHZ51	NA	59.8982257731879	61.7303442279429	NA	NA	66.6007049885251	NA	70.3179406600281	75.0675095586372	73.6302368078844	NA	74.4257905063606	NA	NA	NA
W10004_0082/PHZ51	NA	59.5426188779465	63.3177203345429	NA	65.442523411912	67.4619928723421	NA	70.8545354530358	NA	73.1185956422916	NA	NA	NA	NA	NA
W10004_0097/PHZ51	NA	59.374306341878	64.9681364380609	NA	63.5051316147375	63.8430044831655	NA	68.3179406600281	NA	73.3440651442571	NA	NA	NA	NA	NA
W10004_0127/PHZ51	NA	62.2951748257341	62.8934681525654	NA	NA	66.4022530895729	67.4203326484782	69.9302754894884	71.9324904413629	73.4495766583061	NA	76.2775045052076	78.1664969585813	85.7067385480669	86.3046240423312
W10004_0204/PHZ51	NA	62.8857143560251	63.3177203345429	NA	69.4949929414116	66.017568375884	NA	73.5045903154654	NA	75.1390745923256	NA	NA	78.8388608895795	83.3604159680786	NA
W10004_0216/PHZ51	NA	63.5021440907149	65.1611700970893	NA	68.9764722728364	66.4985172670664	74.1673484735319	71.2089558123623	75.0000000000001	73.2508828628834	NA	83.1043099498696	79.9630466363928	85.3450464646251	88.2796975176915
W10004_0227/PHZ51	NA	62.5612773692743	61.7651486273218	NA	66.5888295606883	70.8413325144035	70.4203326484782	69.9302754894884	75.0675095586372	73.6319536773971	NA	76.2976528877114	78.8167413181975	79.7567016577238	83.8481660806821
W10004_0232/PHZ51	NA	62.8201093095668	62.3542037561177	NA	NA	66.6007049885251	NA	69.8011717925732	73.9324904413629	NA	NA	NA	NA	NA	NA
W10004_0248/PHZ51	NA	62.2951748257341	61.6173351263884	NA	66.5818778104071	68.0508479397102	69.567738444315	70.0996291580516	74.9324904413629	70.8607849197587	NA	73.4257905063606	77.8706888224833	81.9848508499253	81.8482443624864
Z013E0037/PHZ51	58	NA	NA	68	72.6030887132246	NA	NA	73.6964506199893	NA	76.3626911334412	NA	NA	NA	NA	NA
Z013E0058/PHZ51	58	NA	NA	70	70.4949929414116	NA	NA	NA	NA	77.3626911334412	77.0000000223421	NA	NA	NA	NA
Z013E0078/PHZ51	58	NA	65.1432367183084	70	69.5518164487405	68.7550554927881	NA	NA	NA	NA	NA	NA	NA	NA	NA
Z022E0006/PHZ51	54	NA	59.3542037561177	64	NA	NA	NA	NA	NA	73.8975626180935	71.9999999776579	NA	NA	NA	NA
Z022E0017/PHZ51	58	NA	62.2622239842029	66	69.5556265739317	68.8430044831655	NA	NA	NA	NA	76.9999999776579	NA	NA	NA	NA
Z022E0025/PHZ51	NA	NA	62.8534047447588	NA	66.4346573152777	NA	NA	NA	70.9324904413629	NA	74.9999999776579	NA	NA	85.4176625462069	NA
Z022E0042/PHZ51	NA	62.3121441083792	NA	NA	66.5745654727137	NA	NA	NA	70.0675095586372	NA	73.0000000223421	NA	NA	NA	NA
Z022E0048/PHZ51	61	63.8201093095668	65.9681364380609	67	NA	66.8691676014192	NA	NA	76.0675095586372	76.0214341980366	NA	NA	NA	NA	NA
Z022E0050/PHZ51	NA	63.8201093095668	NA	NA	66.4949929414116	70.4071940546633	NA	NA	NA	73.8975626180935	72.9999999776579	NA	NA	NA	NA
Z022E0077/PHZ51	56	NA	64.9681364380609	65	NA	NA	NA	69.6964506199893	74.0675095586372	NA	NA	NA	NA	NA	NA
Z022E0097/PHZ51	58	NA	NA	67	69.5283202026578	70.117294075027	NA	NA	74.9324904413629	NA	NA	NA	NA	NA	NA
Z022E0110/PHZ51	54	NA	NA	66	NA	NA	NA	NA	NA	NA	74.0000000223421	NA	77.8706888224833	82.4176625462069	NA
