env_code	meanY	DL	GDD	PTT	PTR	diff	PTD2	PTS
DEH1_14	191.011800233436	15.7558333333333	16.75425	264.1743	1.06258955478999	21.9585	1.06258955478999	31.75425
DEH1_15	192.447327277063	15.62	21.342	333.6600975	1.36513194205139	20.397	1.36513194205139	36.342
IAH1a_14	174.261294423462	16.36	20.14125	329.57826	1.23087961967233	21.4815	1.23087961967233	35.14125
IAH2_14	186.528094833345	16.3616666666667	19.24125	314.9363775	1.17556150263974	20.9175	1.17556150263974	34.24125
IAH3_14	197.622147869399	16.3716666666667	21.97425	359.8150725	1.3419900980923	20.3715	1.3419900980923	36.97425
IAH4_14	188.906165828403	16.2583333333333	22.28775	362.43054	1.37059238329553	21.2925	1.37059238329553	37.28775
ILH1_15	155.729001033657	15.8116666666667	17.67	279.0024225	1.11911813708939	20.055	1.11911813708939	32.67
INH1_14	168.756921270043	16.1708333333333	26.487	428.31396	1.63796045642487	18.009	1.63796045642487	41.487
INH1_15	151.279141630242	16.1183333333333	24.66525	397.6214775	1.53004187670386	17.2365	1.53004187670386	39.66525
MNH1_15	137.436197226901	16.6891666666667	19.2165	320.7521025	1.15127701003387	18.135	1.15127701003387	34.2165
MOH1_14	146.686972110539	15.8241666666667	21.837	345.31425	1.38094890185414	14.877	1.38094890185414	36.837
NEH2_15	118.588518253845	15.74	7.2345	113.943975	0.459365109812306	12.372	0.459365109812306	22.2345
OHH1_15	165.905025906803	16.0825	24.08775	387.35874	1.49788848403605	15.1275	1.49788848403605	39.08775
ONH1_15	216.888110792885	16.2633333333333	14.6595	238.0269375	0.902868094943513	19.47	0.902868094943513	29.6595
ONH2_14	161.261575072293	16.4483333333333	21.453	352.792485	1.30454054672888	17.121	1.30454054672888	36.453
ONH2_15	203.201143378973	16.2841666666667	12.5775	205.080465	0.771386277275036	17.991	0.771386277275036	27.5775
