env_code	meanY	DL	GDD	PTT	PTR	diff	PTD2	PTS
DEH1_14	19.4538045676292	15.7991666666667	25.32	400.0310625	1.60265368755622	19.374	1.60265368755622	40.32
DEH1_15	20.0600490458939	15.8783333333333	23.2125	368.5090425	1.46216984775865	18.708	1.46216984775865	38.2125
IAH2_14	21.144954746049	15.9733333333333	20.1135	320.9980725	1.26035334085145	21.621	1.26035334085145	35.1135
IAH3_14	21.1739409306944	15.8458333333333	21.22125	336.0878025	1.34001366250286	23.0385	1.34001366250286	36.22125
IAH4_14	18.8393681108369	15.7775	20.2215	318.73707	1.28295794259637	24.144	1.28295794259637	35.2215
INH1_15	15.6361111111111	15.8366666666667	24.3675	385.7590575	1.53928647774288	18.585	1.53928647774288	39.3675
KSH1_15	14.9866969922413	15.995	26.9205	430.6128975	1.68298264763296	17.058	1.68298264763296	41.9205
MNH1_15	17.4397435869229	16.1483333333333	22.3815	361.37562	1.38625820634048	22.806	1.38625820634048	37.3815
MOH1_14	16.5116165651675	15.7933333333333	24.2835	383.416305	1.53800722706507	21.117	1.53800722706507	39.2835
NCH1_15	17.275236436896	15.5	28.60425	443.3514375	1.84550229196784	14.7735	1.84550229196784	43.60425
NEH1_14	16.0304082646499	15.8216666666667	23.40075	370.022115	1.47995705808688	20.2185	1.47995705808688	38.40075
NEH1_15	14.7111253162664	15.0075	23.7585	356.514525	1.58343748512015	18.768	1.58343748512015	38.7585
NEH2_15	14.6345066020556	16.2416666666667	21.19725	344.2735275	1.30513596625615	24.0435	1.30513596625615	36.19725
NEH4_15	14.5526351514577	15.0075	23.7585	356.514525	1.58343748512015	18.768	1.58343748512015	38.7585
NYH2_15	18.0628053117519	16.3016666666667	19.1475	312.010845	1.17507164770188	19.428	1.17507164770188	34.1475
NYH3_15	20.1048580867359	15.84	22.4205	355.009065	1.41605697313256	19.812	1.41605697313256	37.4205
OHH1_15	16.4675351960443	15.5725	24.108	375.4449225	1.54809340834877	23.451	1.54809340834877	39.108
ONH1_15	31.4509336036172	16.54	13.2285	218.6609175	0.800303034642221	20.142	0.800303034642221	28.2285
ONH2_14	27.9889552327434	15.6491666666667	17.04	266.478525	1.08970783337375	21.372	1.08970783337375	32.04
ONH2_15	22.0311158100218	16.2641666666667	16.66275	270.86589	1.0250583862159	23.6055	1.0250583862159	31.66275
SDH1_15	19.5102368271227	16.0566666666667	19.7925	317.80815	1.23270784172724	27.435	1.23270784172724	34.7925
TXH2_15	12.4584661554561	15.3275	27.1725	416.484675	1.77280448089427	17.655	1.77280448089427	42.1725
