env_code	meanY	DL	GDD	PTT	PTR	diff	PTD2	PTS
DEH1_14	63.3853807085311	15.6169230769231	18.5319230769231	289.94652	1.18478120232672	20.8333846153846	1.18478120232672	33.5319230769231
DEH1_15	61.4334540010135	15.4651282051282	19.2251538461538	297.328174615385	1.24357885477754	19.6555384615385	1.24357885477754	34.2251538461538
IAH1a_14	64.8565255748745	16.2469230769231	20.7812307692308	337.722138461538	1.27885671191989	20.0870769230769	1.27885671191989	35.7812307692308
ILH1_15	66.5571559601226	15.6497435897436	18.1262307692308	283.986048461538	1.15748174120835	20.0303076923077	1.15748174120835	33.1262307692308
INH1_15	67.5307290283707	15.9992307692308	20.0953846153846	322.279008461538	1.25315110105468	17.5015384615385	1.25315110105468	35.0953846153846
MNH1_15	74.1607702111423	16.5766666666667	17.3785384615385	288.463585384615	1.04704605967473	18.3558461538462	1.04704605967473	32.3785384615385
MOH1_14	64.6425680954428	15.6884615384615	19.3151538461538	303.990653076923	1.22746006890378	16.7570769230769	1.22746006890378	34.3151538461538
MOH1_15	71.7879957700996	15.6141025641026	18.1933846153846	285.210526153846	1.16087316461764	14.8855384615385	1.16087316461764	33.1933846153846
MOH2_15	69.5549354104357	15.6364102564103	18.4599230769231	289.783045384615	1.17624850545717	14.8703076923077	1.17624850545717	33.4599230769231
NEH1_14	59.4176204795037	16.0787179487179	22.959	369.218471538462	1.4277936146327	19.3084615384615	1.4277936146327	37.959
NYH2_15	80.7766692629573	16.1607692307692	14.7888461538462	239.666275384615	0.912802628437726	16.8595384615385	0.912802628437726	29.7888461538462
NYH3_15	74.6661396218019	16.4048717948718	16.4194615384615	269.504637692308	1.00038556144012	17.7964615384615	1.00038556144012	31.4194615384615
OHH1_15	62.8645142608845	15.9966666666667	19.92	318.80904	1.2447063277283	17.7553846153846	1.2447063277283	34.92
ONH1_15	84.7756142049062	16.0733333333333	12.9336923076923	207.939316153846	0.804877051220488	19.6716923076923	0.804877051220488	27.9336923076923
ONH2_14	63.34229390681	16.3830769230769	19.3841538461538	317.6352	1.18296894534027	18.5981538461538	1.18296894534027	34.3841538461538
ONH2_15	76.8461432912783	16.1241025641026	13.8069230769231	223.328808461538	0.853808370025339	17.1396923076923	0.853808370025339	28.8069230769231
SDH1_15	68.1185798941396	16.6246153846154	15.9392307692308	265.226792307692	0.95792973232444	20.7738461538462	0.95792973232444	30.9392307692308
TXH2_15	73.6874999990691	14.8817948717949	18.3023076923077	272.892876923077	1.22793708262617	22.1953846153846	1.22793708262617	33.3023076923077
