env_code	meanY	DL	GDD	PTT	PTR	diff	PTD2	PTS
DEH1_14	64.6815283475619	15.6035	18.50355	289.256526	1.1840028526399	20.6325	1.1840028526399	33.50355
DEH1_15	63.8176749919985	15.44925	19.133325	295.66087425	1.23870651085248	19.94175	1.23870651085248	34.133325
IAH1a_14	66.4533673589469	16.237	20.7531	337.067775	1.27788844869602	20.1024	1.27788844869602	35.7531
ILH1_15	67.0902345618209	15.6335	18.16065	284.20002225	1.16104969767814	20.0493	1.16104969767814	33.16065
INH1_15	68.213900335838	15.9885	20.119275	322.416135	1.25562290156299	17.64135	1.25562290156299	35.119275
MNH1_15	75.9767718243099	16.5665	17.280225	286.68754125	1.04165840539993	18.53955	1.04165840539993	32.280225
MOH1_14	64.730770638248	15.67575	19.41975	305.30875725	1.23547416006656	16.938	1.23547416006656	34.41975
MOH1_15	74.2114427232202	15.6	18.144675	284.19244425	1.15883638533609	14.73075	1.15883638533609	33.144675
MOH2_15	71.5265033592972	15.6225	18.358425	287.96726925	1.17071497186583	14.75325	1.17071497186583	33.358425
NEH1_14	61.4140932450961	16.06875	22.961025	369.01968975	1.42883346814443	19.47375	1.42883346814443	37.961025
NYH2_15	80.7086240220011	16.1455	14.995575	242.638416	0.927053302276622	16.95555	0.927053302276622	29.995575
NYH3_15	74.6690023993355	16.39775	16.68645	273.68791875	1.01740290751578	17.7012	1.01740290751578	31.68645
OHH1_15	62.8527980479433	15.98925	19.91025	318.504339	1.24468739564975	17.784	1.24468739564975	34.91025
ONH1_15	84.4728524682226	16.05475	12.8466	206.36254575	0.800166083844085	19.6524	0.800166083844085	27.8466
ONH2_14	65.8885332296683	16.378	19.2033	314.608995	1.1721678984682	18.7011	1.1721678984682	34.2033
ONH2_15	77.9951856998343	16.109	13.986	225.88194825	0.866242155620066	17.3547	0.866242155620066	28.986
SDH1_15	70.2807801914553	16.6165	15.77925	262.4836725	0.94861339085682	20.7315	0.94861339085682	30.77925
TXH2_15	74.8079307458624	14.868	18.11925	270.00414	1.216394273146	22.1895	1.216394273146	33.11925
