env_code	meanY	DL	GDD	PTT	PTR	diff	PTD2	PTS
DEH1_15	237.501610173434	15.7713333333333	19.905	313.789848	1.26269568084022	16.998	1.26269568084022	34.905
ILH1_15	236.521622776291	15.9646666666667	19.233	307.423626	1.20328165135455	21.0108	1.20328165135455	34.233
INH1_15	212.415354584162	16.164	24.1746	390.722202	1.49572223331241	14.01	1.49572223331241	39.1746
MNH1_15	227.398030992544	16.6933333333333	19.5582	326.52195	1.17151050879347	19.6332	1.17151050879347	34.5582
MOH1_14	215.7592400215	15.9186666666667	20.5272	326.901972	1.28897623406051	14.4696	1.28897623406051	35.5272
MOH2_15	197.444614722088	15.892	24.8838	395.567274	1.56536880406052	15.2868	1.56536880406052	39.8838
NCH1_15	219.185955896207	15.38	25.2072	387.62613	1.63925042993127	17.9064	1.63925042993127	40.2072
NEH1_15	232.131033117501	15.9313333333333	23.9082	380.816982	1.50105514628646	17.4636	1.50105514628646	38.9082
NEH4_15	232.428426766317	15.9313333333333	23.9082	380.816982	1.50105514628646	17.4636	1.50105514628646	38.9082
NYH2_15	218.64120128989	16.436	17.3508	285.262812	1.05535305838959	17.208	1.05535305838959	32.3508
NYH3_15	224.05501093822	16.458	16.9722	279.353142	1.03115858378811	17.3844	1.03115858378811	31.9722
OHH1_15	240.487538441112	16.0706666666667	19.221	308.93589	1.19587227369878	15.2412	1.19587227369878	34.221
ONH2_14	235.248931139396	16.372	21.5532	352.94088	1.31621699194165	17.2392	1.31621699194165	36.5532
WIH1_15	258.802803707943	16.312	17.04	277.81488	1.04520066929734	19.68	1.04520066929734	32.04
WIH2_15	241.026159711983	16.5666666666667	16.038	265.72644	0.96798009544373	22.332	0.96798009544373	31.038
