env_code	meanY	DL	GDD	PTT	PTR	diff	PTD2	PTS
DEH1_15	111.410826916049	15.4808333333333	19.36275	299.86994625	1.25044948417614	18.741	1.25044948417614	34.36275
ILH1_15	102.015072954223	15.66625	15.33	240.3866175	0.977757294294931	19.0485	0.977757294294931	30.33
INH1_15	89.2852935125105	16.03	21.111375	338.77879125	1.31564995027719	18.72525	1.31564995027719	36.111375
MNH1_15	107.181718250537	16.62	18.022875	299.76935625	1.08360656925159	18.98775	1.08360656925159	33.022875
MOH1_14	100.297149738197	15.7104166666667	21.541125	338.33853375	1.37158199529713	18.06975	1.37158199529713	36.541125
MOH2_15	82.6832378764065	15.6604166666667	16.8825	264.99184125	1.0756879767414	15.0195	1.0756879767414	31.8825
NCH1_15	109.785284859601	15.1170833333333	23.5605	356.36869125	1.55785925971265	20.3205	1.55785925971265	38.5605
NEH1_15	109.375	16.1654166666667	22.174875	358.41353625	1.37200437717202	18.16275	1.37200437717202	37.174875
NEH4_15	107.274120219386	16.1654166666667	22.174875	358.41353625	1.37200437717202	18.16275	1.37200437717202	37.174875
NYH2_15	93.8047864653783	16.1875	13.9605	226.24885125	0.861507746829329	16.8615	0.861507746829329	28.9605
NYH3_15	102.267318218597	16.45	17.661	290.6082	1.07331518660486	18.186	1.07331518660486	32.661
OHH1_15	110.372928053573	16.03375	21.628125	346.98559125	1.34812939150571	18.46425	1.34812939150571	36.628125
ONH2_14	96.48	16.43125	20.30175	333.5979525	1.23550631150001	18.027	1.23550631150001	35.30175
WIH1_15	134.734596851333	16.49375	15.79875	260.6332875	0.957682384800155	21.1875	0.957682384800155	30.79875
WIH2_15	118.261904761905	16.5120833333333	15.83625	261.6560625	0.958477161279065	20.9925	0.958477161279065	30.83625
