env_code	meanY	DL	GDD	PTT	PTR	diff	PTD2	PTS
IAH1a_14	159.514927339646	16.2547619047619	20.1852857142857	327.88917	1.24268668702993	20.4471428571429	1.24268668702993	35.1852857142857
IAH2_14	163.957464559435	16.2466666666667	19.4785714285714	316.26339	1.19973565880547	20.052	1.19973565880547	34.4785714285714
IAH3_14	178.968305949068	16.2952380952381	19.9898571428571	325.722171428571	1.2268273464168	19.65	1.2268273464168	34.9898571428571
ILH1_14	175.90032892183	15.7695238095238	19.9448571428571	315.143408571429	1.26236988353252	20.6982857142857	1.26236988353252	34.9448571428571
MNH1_14	94.9435232563826	16.5428571428571	17.871	295.389531428571	1.08124735544447	18.7705714285714	1.08124735544447	32.871
MOH2_14	120.530539343089	15.6147619047619	21.1542857142857	330.996334285714	1.35209000984639	20.1291428571429	1.35209000984639	36.1542857142857
NEH2_14	96.8556650659642	16.092380952381	16.6868571428571	268.152355714286	1.03845642907122	23.076	1.03845642907122	31.6868571428571
NEH3_14	84.2707805678534	16.0890476190476	16.0997142857143	258.670688571429	1.00210022287882	24.4491428571429	1.00210022287882	31.0997142857143
NYH1_14	127.666256924574	16.4757142857143	17.2414285714286	284.055085714286	1.04651374128829	17.1514285714286	1.04651374128829	32.2414285714286
NYH2_14	143.353203216413	16.472380952381	18.2095714285714	299.934342857143	1.10554058266242	18.8271428571429	1.10554058266242	33.2095714285714
ONH2_14	118.032689361723	16.4309523809524	18.4161428571429	302.667612857143	1.12055524100234	19.374	1.12055524100234	33.4161428571429
WIH1_14	174.632582191135	16.2342857142857	18.2661428571429	296.526801428571	1.12530316776051	21.678	1.12530316776051	33.2661428571429
