env_code	meanY	DL	GDD	PTT	PTR	diff	PTD2	PTS
IAH2_14	20.7614251938201	16.0138709677419	19.6748709677419	314.921023548387	1.22946824181098	20.9072903225806	1.22946824181098	34.6748709677419
IAH3_14	20.2379984167703	15.8938709677419	19.9881290322581	317.64213	1.25815052519479	22.7670967741935	1.25815052519479	34.9881290322581
ILH1_14	18.4329746269413	15.9661290322581	22.5069677419355	359.722611290323	1.40831017453	20.9601290322581	1.40831017453	37.5069677419355
MNH1_14	27.2338008889614	16.2893548387097	18.7815483870968	305.880509032258	1.15350638336096	20.5873548387097	1.15350638336096	33.7815483870968
MOH2_14	12.6613033502062	15.8364516129032	24.3026129032258	385.135464193548	1.53362852738077	20.4938709677419	1.53362852738077	39.3026129032258
NEH2_14	18.2398591297423	15.9112903225806	21.2977741935484	338.820059032258	1.3390204591923	27.5069032258065	1.3390204591923	36.2977741935484
NEH3_14	17.7398511629047	15.9490322580645	21.5073870967742	342.781086774194	1.34971371326181	23.2124516129032	1.34971371326181	36.5073870967742
NYH1_14	21.7534541717103	15.6796774193548	17.9790967741935	282.164190967742	1.14614840824025	19.354064516129	1.14614840824025	32.9790967741936
NYH2_14	25.2499153710246	15.7170967741935	18.6398709677419	293.295126774194	1.18516942610988	20.7023225806452	1.18516942610988	33.6398709677419
ONH2_14	28.3324084559373	15.72	18.0264193548387	283.372382903226	1.14723421412928	22.1730967741935	1.14723421412928	33.0264193548387
WIH1_14	22.5820662278831	16.3174193548387	19.0271612903226	310.616953548387	1.16570195619306	19.3772903225806	1.16570195619306	34.0271612903226
