env_code	meanY	DL	GDD	PTT	PTR	diff	PTD2	PTS
DEH1_15	61.700728094285	15.3825	19.14384375	294.4255640625	1.2451383157706	19.5305625	1.2451383157706	34.14384375
ILH1_15	64.0760288471309	15.5653125	16.75209375	260.4729234375	1.07778375006151	19.9344375	1.07778375006151	31.75209375
INH1_15	64.6032963122353	15.96125	19.4259375	310.8577190625	1.21407663179549	18.0855	1.21407663179549	34.4259375
MNH1_15	70.8946831793359	16.5553125	16.97203125	281.38429125	1.02376989163358	18.1738125	1.02376989163358	31.97203125
MOH1_15	72.110730998744	15.5453125	16.33865625	254.66736375	1.0485093735768	15.0226875	1.0485093735768	31.33865625
MOH2_15	69.3570534221121	15.5709375	16.73859375	261.39537	1.07212371344968	15.2544375	1.07212371344968	31.73859375
NYH2_15	78.442664839841	16.090625	13.957875	225.0834328125	0.865758931429678	17.128125	0.865758931429678	28.957875
NYH3_15	71.157444501865	16.4009375	16.3816875	268.856685	0.99819506339154	17.749125	0.99819506339154	31.3816875
OHH1_15	61.0460769706214	15.9853125	20.74134375	331.8050278125	1.29661822646812	18.3425625	1.29661822646812	35.74134375
ONH1_15	82.2628550829831	15.975625	12.875625	205.7298496875	0.806158425106104	19.80675	0.806158425106104	27.875625
ONH2_15	75.6702098493744	16.054375	12.9628125	208.6446853125	0.805545257220356	17.141625	0.805545257220356	27.9628125
SDH1_15	66.4028900957273	16.616875	14.70375	244.569121875	0.884047139293928	20.385	0.884047139293928	29.70375
TXH1_15	65.3225806451613	13.158125	17.96596875	237.3214246875	1.36070297358757	16.7113125	1.36070297358757	32.96596875
TXH2_15	73.525183097529	14.8059375	16.790625	248.5960875	1.13438575704626	22.39875	1.13438575704626	31.790625
