env_code	meanY	DL	GDD	PTT	PTR	diff	PTD2	PTS
DEH1_15	60.3494267275355	15.4651282051282	19.2251538461538	297.328174615385	1.24357885477754	19.6555384615385	1.24357885477754	34.2251538461538
ILH1_15	63.1078278905488	15.6497435897436	18.1262307692308	283.986048461538	1.15748174120835	20.0303076923077	1.15748174120835	33.1262307692308
INH1_15	64.0477312539646	15.9992307692308	20.0953846153846	322.279008461538	1.25315110105468	17.5015384615385	1.25315110105468	35.0953846153846
MNH1_15	69.4553777191939	16.5766666666667	17.3785384615385	288.463585384615	1.04704605967473	18.3558461538462	1.04704605967473	32.3785384615385
MOH1_15	70.0794184593474	15.6141025641026	18.1933846153846	285.210526153846	1.16087316461764	14.8855384615385	1.16087316461764	33.1933846153846
MOH2_15	67.6733147412994	15.6364102564103	18.4599230769231	289.783045384615	1.17624850545717	14.8703076923077	1.17624850545717	33.4599230769231
NYH2_15	78.1883580053412	16.1607692307692	14.7888461538462	239.666275384615	0.912802628437726	16.8595384615385	0.912802628437726	29.7888461538462
NYH3_15	71.6450696032771	16.4048717948718	16.4194615384615	269.504637692308	1.00038556144012	17.7964615384615	1.00038556144012	31.4194615384615
OHH1_15	60.1737218598495	15.9966666666667	19.92	318.80904	1.2447063277283	17.7553846153846	1.2447063277283	34.92
ONH1_15	82.5381403208296	16.0733333333333	12.9336923076923	207.939316153846	0.804877051220488	19.6716923076923	0.804877051220488	27.9336923076923
ONH2_15	75.4315339941553	16.1241025641026	13.8069230769231	223.328808461538	0.853808370025339	17.1396923076923	0.853808370025339	28.8069230769231
SDH1_15	66.1486845992269	16.6246153846154	15.9392307692308	265.226792307692	0.95792973232444	20.7738461538462	0.95792973232444	30.9392307692308
TXH1_15	64.8	13.2669230769231	18.4003846153846	245.095026923077	1.38229082107403	17.0247692307692	1.38229082107403	33.4003846153846
TXH2_15	72.7272727259187	14.8817948717949	18.3023076923077	272.892876923077	1.22793708262617	22.1953846153846	1.22793708262617	33.3023076923077
