env_code	meanY	DL	GDD	PTT	PTR	diff	PTD2	PTS
DEH1_15	160.06337106416	15.8158333333333	18.58575	294.1451925	1.17436662738961	16.0065	1.17436662738961	33.58575
INH1_15	142.053727959739	16.1725	22.25625	359.9356875	1.3761922343946	13.9035	1.3761922343946	37.25625
MNH1_15	155.477067737657	16.6825	18.8265	314.129535	1.12831798749989	20.601	1.12831798749989	33.8265
NCH1_15	154.499079420697	15.42	24.98775	385.3269	1.62042884137752	17.4255	1.62042884137752	39.98775
NEH1_15	113.373122039038	15.8658333333333	25.41	403.38825	1.60067382792697	17.214	1.60067382792697	40.41
NEH2_15	126.377532548419	16.0091666666667	15.5355	249.040605	0.969150147813339	19.188	0.969150147813339	30.5355
NEH3_15	119.102927134934	15.8391666666667	24.738	391.8661275	1.56174472856383	21.189	1.56174472856383	39.738
NEH4_15	114.281418211247	15.8658333333333	25.41	403.38825	1.60067382792697	17.214	1.60067382792697	40.41
NYH2_15	124.03193480242	16.465	17.9175	295.013805	1.08821263066024	17.967	1.08821263066024	32.9175
NYH3_15	120.724957095206	16.4366666666667	15.98175	262.6107225	0.972610361128483	17.0655	0.972610361128483	30.98175
OHH1_15	162.321888714977	16.0583333333333	17.91825	287.7634725	1.11572543529118	16.8015	1.11572543529118	32.91825
ONH1_15	190.000928810867	16.4891666666667	12.83325	211.6550025	0.778126421537802	20.3505	0.778126421537802	27.83325
ONH2_15	193.245705088676	16.4283333333333	17.37	285.32439	1.05745584788088	18.777	1.05745584788088	32.37
SDH1_15	100.096370975237	16.6758333333333	19.9275	332.272275	1.19512768118086	22.155	1.19512768118086	34.9275
TXH1_15	108.677168750309	13.7191666666667	20.13375	276.07125	1.46843323456526	17.3325	1.46843323456526	35.13375
TXH2_15	153.589375050835	15.2041666666667	22.5375	342.843375	1.48156432778095	20.895	1.48156432778095	37.5375
