env_code	meanY	DL	GDD	PTT	PTR	diff	PTD2	PTS
DEH1_15	117.843205610428	15.6972727272727	18.7355454545455	294.330346363636	1.19267545871264	18.18	1.19267545871264	33.7355454545455
GAH1_15	84.3292682926829	14.3313636363636	20.6263636363636	295.996090909091	1.43759708130667	22.3854545454545	1.43759708130667	35.6263636363636
IAH1c_14	100.694096223794	16.3018181818182	20.4242727272727	332.921933181818	1.25303600713366	20.1501818181818	1.25303600713366	35.4242727272727
ILH1_14	114.240696316761	16.0009090909091	21.5509090909091	344.725490454545	1.3473311755257	18.9392727272727	1.3473311755257	36.5509090909091
ILH1_15	109.407039628906	15.8886363636364	19.9178181818182	316.640295	1.25300043365779	21.3152727272727	1.25300043365779	34.9178181818182
INH1_15	93.5179792054435	16.1368181818182	23.8688181818182	385.192431818182	1.47906463412533	16.0887272727273	1.47906463412533	38.8688181818182
MNH1_15	115.526391412391	16.6845454545455	19.062	318.073303636364	1.14238057057932	18.9065454545455	1.14238057057932	34.062
MOH1_14	101.01926223931	15.8677272727273	22.1387727272727	351.203453181818	1.3956054701927	15.417	1.3956054701927	37.1387727272727
MOH2_14	106.920296753732	15.8445454545455	22.1522727272727	350.797328181818	1.39893756627885	17.5958181818182	1.39893756627885	37.1522727272727
MOH2_15	95.5295914320378	15.835	21.7718181818182	345.145610454545	1.37341671622827	14.5047272727273	1.37341671622827	36.7718181818182
NCH1_15	113.932607128445	15.3131818181818	24.003	367.685046818182	1.56703811898471	20.1861818181818	1.56703811898471	39.003
NEH1_15	113.795379537954	16.0063636363636	22.6255909090909	361.917736363636	1.41456921975739	17.2431818181818	1.41456921975739	37.6255909090909
NEH2_14	95.696661733956	16.2218181818182	17.5753636363636	285.257487272727	1.08286332766258	22.05	1.08286332766258	32.5753636363636
NEH4_15	117.72376283022	16.0063636363636	22.6255909090909	361.917736363636	1.41456921975739	17.2431818181818	1.41456921975739	37.6255909090909
NYH1_14	121.498564544528	16.415	19.3745454545455	318.059059090909	1.1802254477592	18.8672727272727	1.1802254477592	34.3745454545455
NYH2_14	113.910935550819	16.4272727272727	20.3060454545455	333.549045	1.23622976061685	18.8288181818182	1.23622976061685	35.3060454545455
NYH2_15	99.1159214830839	16.3759090909091	15.7389545454545	257.949613636364	0.960360407163136	17.4411818181818	0.960360407163136	30.7389545454545
NYH3_15	107.891030896493	16.4668181818182	17.5995	289.828456363636	1.06871463067524	17.6620909090909	1.06871463067524	32.5995
OHH1_15	109.59386915393	16.07	21.3782727272727	343.568475	1.33024847058001	14.9825454545455	1.33024847058001	36.3782727272727
ONH1_14	122.889173038953	16.5931818181818	18.468	306.412862727273	1.11309898261176	22.2070909090909	1.11309898261176	33.468
ONH2_14	100.716312056738	16.4004545454545	21.0628636363636	345.457828636364	1.28424088901431	17.1253636363636	1.28424088901431	36.0628636363636
ONH2_15	127.69652871395	16.3390909090909	14.7583636363636	241.42383	0.902217921711578	18.2372727272727	0.902217921711578	29.7583636363636
WIH1_14	128.428815167124	16.4568181818182	18.7711363636364	308.875667727273	1.14080490621922	18.4311818181818	1.14080490621922	33.7711363636364
WIH1_15	140.054928915857	16.375	16.2531818181818	265.952290909091	0.993342339412613	19.9718181818182	0.993342339412613	31.2531818181818
WIH2_15	124.924715909091	16.5627272727273	15.9381818181818	264.006613636364	0.962195911288844	21.4036363636364	0.962195911288844	30.9381818181818
