env_code	meanY	DL	GDD	PTT	PTR	diff	PTD2	PTS
DEH1_14	19.5022346580275	15.7991666666667	25.32	400.0310625	1.60265368755622	19.374	1.60265368755622	40.32
DEH1_15	19.3694392301452	15.8783333333333	23.2125	368.5090425	1.46216984775865	18.708	1.46216984775865	38.2125
IAH2_14	20.7417534083423	15.9733333333333	20.1135	320.9980725	1.26035334085145	21.621	1.26035334085145	35.1135
IAH3_14	20.133047598501	15.8458333333333	21.22125	336.0878025	1.34001366250286	23.0385	1.34001366250286	36.22125
IAH4_14	18.6548528707395	15.7775	20.2215	318.73707	1.28295794259637	24.144	1.28295794259637	35.2215
ILH1_14	18.055123123642	15.9575	21.8715	348.8500275	1.37127614170244	21.222	1.37127614170244	36.8715
INH1_15	14.7510273972603	15.8366666666667	24.3675	385.7590575	1.53928647774288	18.585	1.53928647774288	39.3675
KSH1_15	15.2321318406793	15.995	26.9205	430.6128975	1.68298264763296	17.058	1.68298264763296	41.9205
MNH1_14	26.716656402615	16.2458333333333	18.87675	306.25107	1.16358185711949	19.9005	1.16358185711949	33.87675
MNH1_15	16.4260744984885	16.1483333333333	22.3815	361.37562	1.38625820634048	22.806	1.38625820634048	37.3815
MOH1_14	16.4046753244667	15.7933333333333	24.2835	383.416305	1.53800722706507	21.117	1.53800722706507	39.2835
MOH2_14	12.6575991297504	15.8308333333333	23.643	374.178015	1.49393951544058	20.766	1.49393951544058	38.643
NCH1_15	17.4230344462745	15.5	28.60425	443.3514375	1.84550229196784	14.7735	1.84550229196784	43.60425
NEH1_14	15.9978985802052	15.8216666666667	23.40075	370.022115	1.47995705808688	20.2185	1.47995705808688	38.40075
NEH1_15	14.8515314631759	15.0075	23.7585	356.514525	1.58343748512015	18.768	1.58343748512015	38.7585
NEH2_14	18.1106766467224	15.8741666666667	21.447	340.4532525	1.35111209434229	29.106	1.35111209434229	36.447
NEH2_15	14.3018870278934	16.2416666666667	21.19725	344.2735275	1.30513596625615	24.0435	1.30513596625615	36.19725
NEH3_14	17.6948138578485	15.9158333333333	20.1495	320.72673	1.26593046970457	21.267	1.26593046970457	35.1495
NEH3_15	15.5297088556039	14.96	22.9635	343.6398375	1.53465392415383	19.125	1.53465392415383	37.9635
NEH4_15	14.6239058265545	15.0075	23.7585	356.514525	1.58343748512015	18.768	1.58343748512015	38.7585
NYH1_14	20.6035181206054	15.605	17.262	269.0094375	1.10776153981416	19.455	1.10776153981416	32.262
NYH2_14	24.4300831574363	15.6441666666667	17.4165	272.1521625	1.11465980057283	20.235	1.11465980057283	32.4165
NYH2_15	17.0263759537079	16.3016666666667	19.1475	312.010845	1.17507164770188	19.428	1.17507164770188	34.1475
NYH3_15	18.080729713706	15.84	22.4205	355.009065	1.41605697313256	19.812	1.41605697313256	37.4205
OHH1_15	15.5467746473639	15.5725	24.108	375.4449225	1.54809340834877	23.451	1.54809340834877	39.108
ONH1_14	30.9233053004321	16.0641666666667	15.32025	245.924175	0.954447611695895	21.3555	0.954447611695895	30.32025
ONH1_15	29.6775014875632	16.54	13.2285	218.6609175	0.800303034642221	20.142	0.800303034642221	28.2285
ONH2_14	27.5745080427293	15.6491666666667	17.04	266.478525	1.08970783337375	21.372	1.08970783337375	32.04
ONH2_15	20.9259502719775	16.2641666666667	16.66275	270.86589	1.0250583862159	23.6055	1.0250583862159	31.66275
SDH1_15	16.9782397985881	16.0566666666667	19.7925	317.80815	1.23270784172724	27.435	1.23270784172724	34.7925
TXH1_15	11.5985207100592	14.4116666666667	24.8715	358.4596425	1.72575092412134	14.442	1.72575092412134	39.8715
TXH2_15	12.9925526158312	15.3275	27.1725	416.484675	1.77280448089427	17.655	1.77280448089427	42.1725
WIH1_14	22.4250125667808	16.2975	17.04225	277.939305	1.04499365753031	19.4145	1.04499365753031	32.04225
