env_code	meanY	DL	GDD	PTT	PTR	diff	PTD2	PTS
DEH1_14	187.371423183001	15.8141666666667	25.19475	398.4080775	1.59329845163072	19.6245	1.59329845163072	40.19475
DEH1_15	181.050504980834	15.8875	22.896	363.7247625	1.44127964226893	19.074	1.44127964226893	37.896
GAH1_15	131.620163810578	14.9916666666667	26.3625	395.234475	1.75842259607395	19.275	1.75842259607395	41.3625
IAH1a_14	163.100463300618	15.9675	20.01225	319.312395	1.25428295832609	22.5915	1.25428295832609	35.01225
IAH1c_14	163.173029784786	16.1708333333333	19.7115	318.884535	1.21846700237963	20.358	1.21846700237963	34.7115
IAH2_14	169.190354091512	16.0025	20.022	320.134335	1.25228151618554	20.289	1.25228151618554	35.022
IAH3_14	180.655927218328	15.8791666666667	20.4795	324.837915	1.29119024725697	23.739	1.29119024725697	35.4795
IAH4_14	182.543962896663	15.8066666666667	19.52925	308.4117825	1.236678704593	24.3105	1.236678704593	34.52925
ILH1_14	176.261821494245	15.9741666666667	21.663	345.9653025	1.35647057550061	21.372	1.35647057550061	36.663
ILH1_15	150.60366956468	16.0625	19.8705	319.163385	1.23710754547655	20.292	1.23710754547655	34.8705
INH1_14	164.063102223429	15.5316666666667	19.5465	303.696465	1.25812463539306	26.406	1.25812463539306	34.5465
INH1_15	144.029269518967	15.8616666666667	24.042	381.1124325	1.5167079546537	17.568	1.5167079546537	39.042
MNH1_14	101.07695123974	16.2775	19.194	312.0999675	1.18048387015894	19.233	1.18048387015894	34.194
MNH1_15	154.025495949431	16.1833333333333	22.386	362.362785	1.3830344600196	22.797	1.3830344600196	37.386
MOH1_14	142.55895037203	15.8116666666667	23.712	374.754825	1.50035765544397	20.559	1.50035765544397	38.712
MOH2_14	139.652066808154	15.8475	23.62575	374.4082725	1.49084112008487	20.8005	1.49084112008487	38.62575
NCH1_15	157.867928612408	15.5066666666667	28.6125	443.68554	1.84517505186256	14.757	1.84517505186256	43.6125
NEH2_15	119.333777240836	16.2441666666667	20.57025	334.1420175	1.26633418308248	22.8465	1.26633418308248	35.57025
NEH3_15	119.887495355304	15.0016666666667	23.838	357.4874775	1.58971095901929	20.775	1.58971095901929	38.838
NEH4_15	113.170086527259	15.0483333333333	23.46375	353.058495	1.55950557346765	18.3165	1.55950557346765	38.46375
NYH1_14	132.938653092511	15.6441666666667	17.352	271.1761875	1.11040313670963	19.899	1.11040313670963	32.352
NYH2_14	145.122163027198	15.6825	17.7285	277.9443825	1.13088631460315	20.094	1.13088631460315	32.7285
NYH3_15	130.325296228813	15.875	22.46625	356.6848875	1.41515423397171	20.1525	1.41515423397171	37.46625
OHH1_15	153.20467440075	15.6016666666667	23.3205	363.7883475	1.49501548627085	24.258	1.49501548627085	38.3205
ONH1_15	195.406146161009	16.5541666666667	13.20825	218.5941525	0.798097823577074	20.2665	0.798097823577074	28.20825
ONH2_15	192.530691830873	16.285	15.654	254.864565	0.961498431498161	23.688	0.961498431498161	30.654
TXH1_14	157.994744297623	14.2266666666667	20.90025	297.308745	1.46932812428688	24.5685	1.46932812428688	35.90025
TXH1_15	127.593188796157	14.385	24.417	351.3186675	1.69706396249678	15.234	1.69706396249678	39.417
TXH2_15	159.388720931075	15.3316666666667	27.045	414.6423	1.76400969262065	17.91	1.76400969262065	42.045
WIH1_14	178.274437913622	16.3191666666667	17.52525	286.124205	1.07345306873904	19.8645	1.07345306873904	32.52525
WIH1_15	154.775725917785	15.4416666666667	20.4825	316.3920825	1.32611990499651	22.5	1.32611990499651	35.4825
