env_code	meanY	DL	GDD	PTT	PTR	diff	PTD2	PTS
DEH1_15	240.029978049852	15.2825	18.12825	276.558609375	1.18839229076642	19.35675	1.18839229076642	33.12825
GAH1_15	183.260869565217	13.85375	20.829375	288.455625	1.50426163430472	16.30125	1.50426163430472	35.829375
IAH1c_14	219.591619850947	15.976875	20.44575	327.159748125	1.27783158815749	21.00825	1.27783158815749	35.44575
ILH1_14	225.296872439605	15.6525	16.59375	260.73873	1.05610005571811	19.1745	1.05610005571811	31.59375
ILH1_15	238.120438471768	15.46125	14.745375	227.95018875	0.953937540724136	17.8515	0.953937540724136	29.745375
INH1_15	211.521662768777	15.906875	18.156375	288.586074375	1.14236421345789	21.4245	1.14236421345789	33.156375
MNH1_15	230.267008813008	16.518125	15.8805	262.562146875	0.960532072502463	18.5355	0.960532072502463	30.8805
MOH1_14	211.781791500846	15.5525	19.5744375	305.111728125	1.25586223230073	20.253375	1.25586223230073	34.5744375
MOH2_14	218.289476194492	15.499375	17.3525625	269.912930625	1.11563956768125	19.780875	1.11563956768125	32.3525625
MOH2_15	210.280068241607	15.48625	15.863625	245.921124375	1.02340714235286	14.823	1.02340714235286	30.863625
NCH1_15	220.983240055818	14.938125	22.681125	338.7921525	1.51855531382646	18.69975	1.51855531382646	37.681125
NEH1_15	234.048442906574	16.24625	22.143375	359.79998625	1.36278707574357	17.901	1.36278707574357	37.143375
NEH2_14	176.738199169573	16.009375	18.27	292.282070625	1.14206357818795	22.7745	1.14206357818795	33.27
NEH4_15	239.823555319626	16.24625	22.143375	359.79998625	1.36278707574357	17.901	1.36278707574357	37.143375
NYH1_14	243.654222139875	16.461875	14.945625	246.0495375	0.907836785309798	17.62875	0.907836785309798	29.945625
NYH2_14	239.212863374524	16.4525	16.4840625	271.195239375	1.00195785342308	19.216125	1.00195785342308	31.4840625
NYH2_15	218.006602828202	15.999375	15.9193125	255.010303125	0.99387644349508	17.724375	0.99387644349508	30.9193125
NYH3_15	221.543549432044	16.3875	15.4198125	253.05906375	0.93959891882697	16.822125	0.93959891882697	30.4198125
OHH1_15	238.297853520127	15.96375	19.08225	304.947883125	1.19410563326145	20.1375	1.19410563326145	34.08225
ONH1_14	247.890074267166	16.434375	14.3341875	235.7134875	0.871718266985734	23.468625	0.871718266985734	29.3341875
ONH2_14	232.510645165132	16.405	16.8249375	276.15310875	1.02508661437049	20.161125	1.02508661437049	31.8249375
ONH2_15	257.81367832072	15.96125	14.032125	224.06194125	0.878848540975098	16.9425	0.878848540975098	29.032125
WIH1_14	251.513455125959	16.115	17.8183125	287.643369375	1.10385089649858	22.111875	1.10385089649858	32.8183125
WIH1_15	260.578269493299	16.536875	16.689375	275.99765625	1.00919473323897	20.64375	1.00919473323897	31.689375
WIH2_15	243.706219936043	16.424375	14.56875	239.4550125	0.886408466323745	19.1025	0.886408466323745	29.56875
