env_code	meanY	DL	GDD	PTT	PTR	diff	PTD2	PTS
DEH1_15	18.6322738522259	15.8783333333333	23.2125	368.5090425	1.46216984775865	18.708	1.46216984775865	38.2125
INH1_15	13.62	15.8366666666667	24.3675	385.7590575	1.53928647774288	18.585	1.53928647774288	39.3675
KSH1_15	14.3081159812882	15.995	26.9205	430.6128975	1.68298264763296	17.058	1.68298264763296	41.9205
MNH1_15	16.0045801524618	16.1483333333333	22.3815	361.37562	1.38625820634048	22.806	1.38625820634048	37.3815
NCH1_15	16.908924104334	15.5	28.60425	443.3514375	1.84550229196784	14.7735	1.84550229196784	43.60425
NEH1_15	14.6063231561069	15.0075	23.7585	356.514525	1.58343748512015	18.768	1.58343748512015	38.7585
NEH2_15	13.65511038305	16.2416666666667	21.19725	344.2735275	1.30513596625615	24.0435	1.30513596625615	36.19725
NEH3_15	15.0410468329339	14.96	22.9635	343.6398375	1.53465392415383	19.125	1.53465392415383	37.9635
NEH4_15	14.431097891323	15.0075	23.7585	356.514525	1.58343748512015	18.768	1.58343748512015	38.7585
NYH2_15	16.5080070007503	16.3016666666667	19.1475	312.010845	1.17507164770188	19.428	1.17507164770188	34.1475
NYH3_15	17.486702234653	15.84	22.4205	355.009065	1.41605697313256	19.812	1.41605697313256	37.4205
OHH1_15	14.3444849203736	15.5725	24.108	375.4449225	1.54809340834877	23.451	1.54809340834877	39.108
ONH1_15	29.2746282206513	16.54	13.2285	218.6609175	0.800303034642221	20.142	0.800303034642221	28.2285
ONH2_15	20.0837296996758	16.2641666666667	16.66275	270.86589	1.0250583862159	23.6055	1.0250583862159	31.66275
SDH1_15	16.1401237033203	16.0566666666667	19.7925	317.80815	1.23270784172724	27.435	1.23270784172724	34.7925
