env_code	meanY	DL	GDD	PTT	PTR	diff	PTD2	PTS
DEH1_15	106.298159484139	15.7090476190476	19.4824285714286	306.101412857143	1.24006592207251	18.7551428571429	1.24006592207251	34.4824285714286
GAH1_15	79.25	14.3457142857143	20.5414285714286	295.119128571429	1.42999258431292	22.1914285714286	1.42999258431292	35.5414285714286
ILH1_15	108.651895633286	15.9009523809524	20.1377142857143	320.330832857143	1.26605346591587	20.9211428571429	1.26605346591587	35.1377142857143
INH1_15	89.7500077229984	16.1419047619048	24.0197142857143	387.733928571429	1.48800443772284	15.7028571428571	1.48800443772284	39.0197142857143
MNH1_15	114.71262130655	16.6871428571429	18.9745714285714	316.670425714286	1.13693942545643	18.8828571428571	1.13693942545643	33.9745714285714
MOH2_15	92.3999856588921	15.8438095238095	21.732	344.732772857143	1.37002700562116	14.3382857142857	1.37002700562116	36.732
NCH1_15	112.652808445427	15.3233333333333	23.8602857142857	365.779572857143	1.55651234035547	20.2902857142857	1.55651234035547	38.8602857142857
NEH1_15	108.405797101449	15.9961904761905	22.5355714285714	360.216222857143	1.40995502430341	17.2671428571429	1.40995502430341	37.5355714285714
NEH4_15	115.701880537563	15.9961904761905	22.5355714285714	360.216222857143	1.40995502430341	17.2671428571429	1.40995502430341	37.5355714285714
NYH2_15	97.1991250571838	16.3857142857143	15.5858571428571	255.638348571429	0.950274203387266	16.7905714285714	0.950274203387266	30.5858571428571
NYH3_15	107.527358597478	16.4666666666667	17.4754285714286	287.783318571429	1.06118790088434	17.4462857142857	1.06118790088434	32.4754285714286
OHH1_15	104.368898687755	16.0709523809524	21.0771428571429	338.756635714286	1.31140404973091	14.9057142857143	1.31140404973091	36.0771428571429
ONH2_15	126.718181823767	16.3490476190476	14.6254285714286	239.440131428571	0.893369502844657	18.168	0.893369502844657	29.6254285714286
WIH1_15	137.732265291843	16.367619047619	16.29	266.431714285714	0.996050111343851	19.9285714285714	0.996050111343851	31.29
WIH2_15	120.353846153846	16.5642857142857	15.7671428571429	261.205457142857	0.951753421194656	21.0428571428571	0.951753421194656	30.7671428571429
