env_code	meanY	DL	GDD	PTT	PTR	diff	PTD2	PTS
DEH1_15	61.5774731801849	15.3294117647059	18.1736470588235	278.142395294118	1.18756954307354	19.9122352941176	1.18756954307354	33.1736470588235
GAH1_15	57.1363636363636	13.9005882352941	20.6576470588235	287.155429411765	1.48627651872324	15.9882352941176	1.48627651872324	35.6576470588235
ILH1_15	65.8247016242191	15.5094117647059	15.5191764705882	241.008151764706	0.999438385514764	17.6463529411765	0.999438385514764	30.5191764705882
INH1_15	65.5900843789478	15.9376470588235	18.7353529411765	298.480150588235	1.17606575632847	20.8111764705882	1.17606575632847	33.7353529411765
MNH1_15	71.3584161654511	16.5476470588235	16.2725294117647	269.65845	0.981992538516727	18.0412941176471	0.981992538516727	31.2725294117647
MOH1_15	73.3122598145897	15.5	15.9098823529412	246.851528823529	1.0255102695876	14.7218823529412	1.0255102695876	30.9098823529412
MOH2_15	71.3719496277907	15.5282352941176	15.6806470588235	243.533572941176	1.00973690750653	14.4857647058824	1.00973690750653	30.6806470588235
NYH2_15	78.9253477070787	16.0447058823529	14.3565882352941	230.355561176471	0.894828623122818	16.4752941176471	0.894828623122818	29.3565882352941
NYH3_15	71.3739446516382	16.4076470588235	16.5478235294118	271.766530588235	1.00760901465472	17.3276470588235	1.00760901465472	31.5478235294118
OHH1_15	60.6365518918448	15.9847058823529	19.539	312.780303529412	1.22059550393949	19.3944705882353	1.22059550393949	34.539
ONH1_15	82.8343816885461	15.9088235294118	12.573	200.258994705882	0.78951614984718	17.3107058823529	0.78951614984718	27.573
ONH2_15	75.2806434191251	16.0064705882353	13.176	210.740071764706	0.823861652041099	16.3291764705882	0.823861652041099	28.176
SDH1_15	67.8493951188699	16.62	14.7652941176471	245.315858823529	0.888727123557079	19.6411764705882	0.888727123557079	29.7652941176471
TXH1_15	67.5434782608696	13.0794117647059	17.8972941176471	234.272117647059	1.36748598678233	18.1334117647059	1.36748598678233	32.8972941176471
TXH2_15	74.6086956570572	14.7535294117647	16.0517647058824	236.683747058824	1.08871110284348	21.4094117647059	1.08871110284348	31.0517647058824
