env_code	meanY	DL	GDD	PTT	PTR	diff	PTD2	PTS
DEH1_15	169.135992098048	15.8875	22.896	363.7247625	1.44127964226893	19.074	1.44127964226893	37.896
GAH1_15	117.392987895172	14.9916666666667	26.3625	395.234475	1.75842259607395	19.275	1.75842259607395	41.3625
ILH1_15	149.18430000482	16.0625	19.8705	319.163385	1.23710754547655	20.292	1.23710754547655	34.8705
INH1_15	139.614604553777	15.8616666666667	24.042	381.1124325	1.5167079546537	17.568	1.5167079546537	39.042
MNH1_15	155.229590705905	16.1833333333333	22.386	362.362785	1.3830344600196	22.797	1.3830344600196	37.386
NCH1_15	156.826718561322	15.5066666666667	28.6125	443.68554	1.84517505186256	14.757	1.84517505186256	43.6125
NEH1_15	109.214046351954	15.0483333333333	23.46375	353.058495	1.55950557346765	18.3165	1.55950557346765	38.46375
NEH2_15	123.076107364509	16.2441666666667	20.57025	334.1420175	1.26633418308248	22.8465	1.26633418308248	35.57025
NEH3_15	117.377493343099	15.0016666666667	23.838	357.4874775	1.58971095901929	20.775	1.58971095901929	38.838
NEH4_15	109.487933126298	15.0483333333333	23.46375	353.058495	1.55950557346765	18.3165	1.55950557346765	38.46375
NYH3_15	127.760963779507	15.875	22.46625	356.6848875	1.41515423397171	20.1525	1.41515423397171	37.46625
OHH1_15	142.956116690391	15.6016666666667	23.3205	363.7883475	1.49501548627085	24.258	1.49501548627085	38.3205
ONH1_15	194.179687098627	16.5541666666667	13.20825	218.5941525	0.798097823577074	20.2665	0.798097823577074	28.20825
ONH2_15	189.84014323861	16.285	15.654	254.864565	0.961498431498161	23.688	0.961498431498161	30.654
TXH1_15	118.372932279415	14.385	24.417	351.3186675	1.69706396249678	15.234	1.69706396249678	39.417
WIH1_15	155.102550307653	15.4416666666667	20.4825	316.3920825	1.32611990499651	22.5	1.32611990499651	35.4825
WIH2_15	154.251416437594	16.0516666666667	19.2825	309.35085	1.20198404506492	23.595	1.20198404506492	34.2825
