env_code	meanY	DL	GDD	PTT	PTR	diff	PTD2	PTS
DEH1_15	230.656646750852	15.6972727272727	18.7355454545455	294.330346363636	1.19267545871264	18.18	1.19267545871264	33.7355454545455
GAH1_15	180.909090909091	14.3313636363636	20.6263636363636	295.996090909091	1.43759708130667	22.3854545454545	1.43759708130667	35.6263636363636
ILH1_15	237.062652011963	15.8886363636364	19.9178181818182	316.640295	1.25300043365779	21.3152727272727	1.25300043365779	34.9178181818182
INH1_15	203.924717671652	16.1368181818182	23.8688181818182	385.192431818182	1.47906463412533	16.0887272727273	1.47906463412533	38.8688181818182
MNH1_15	231.068406618086	16.6845454545455	19.062	318.073303636364	1.14238057057932	18.9065454545455	1.14238057057932	34.062
MOH2_15	210.491634865929	15.835	21.7718181818182	345.145610454545	1.37341671622827	14.5047272727273	1.37341671622827	36.7718181818182
NCH1_15	221.607907736113	15.3131818181818	24.003	367.685046818182	1.56703811898471	20.1861818181818	1.56703811898471	39.003
NEH1_15	230.743237570527	16.0063636363636	22.6255909090909	361.917736363636	1.41456921975739	17.2431818181818	1.41456921975739	37.6255909090909
NEH4_15	240.762769029757	16.0063636363636	22.6255909090909	361.917736363636	1.41456921975739	17.2431818181818	1.41456921975739	37.6255909090909
NYH2_15	219.485817869952	16.3759090909091	15.7389545454545	257.949613636364	0.960360407163136	17.4411818181818	0.960360407163136	30.7389545454545
NYH3_15	222.844148562171	16.4668181818182	17.5995	289.828456363636	1.06871463067524	17.6620909090909	1.06871463067524	32.5995
OHH1_15	229.548516947552	16.07	21.3782727272727	343.568475	1.33024847058001	14.9825454545455	1.33024847058001	36.3782727272727
ONH2_15	257.698930906407	16.3390909090909	14.7583636363636	241.42383	0.902217921711578	18.2372727272727	0.902217921711578	29.7583636363636
WIH1_15	259.008189702874	16.375	16.2531818181818	265.952290909091	0.993342339412613	19.9718181818182	0.993342339412613	31.2531818181818
WIH2_15	243.40920531383	16.5627272727273	15.9381818181818	264.006613636364	0.962195911288844	21.4036363636364	0.962195911288844	30.9381818181818
