env_code	meanY	DL	GDD	PTT	PTR	diff	PTD2	PTS
DEH1_15	18.9361666508106	15.8666666666667	23.742	376.5944925	1.49679998513756	17.649	1.49679998513756	38.742
INH1_15	14.4734375	15.8116666666667	24.468	386.8177425	1.54776254506598	19.635	1.54776254506598	39.468
KSH1_15	15.0465854453626	15.9908333333333	27.279	436.228485	1.70586073344801	16.341	1.70586073344801	42.279
MNH1_15	15.8085106418087	16.1141666666667	22.731	366.146925	1.4112610143179	22.422	1.4112610143179	37.731
NCH1_15	17.1145893377993	15.4916666666667	28.48725	441.2906775	1.83898568851724	15.0075	1.83898568851724	43.48725
NEH1_15	14.5804983351554	14.9658333333333	23.538	352.308435	1.57273893619016	18.354	1.57273893619016	38.538
NEH2_15	13.9882241280113	16.2375	21.411	347.6453025	1.31867599474617	23.85	1.31867599474617	36.411
NEH3_15	14.541559297486	14.9183333333333	22.0545	329.3769675	1.47685581212488	19.626	1.47685581212488	37.0545
NEH4_15	14.4863048286624	14.9658333333333	23.538	352.308435	1.57273893619016	18.354	1.57273893619016	38.538
NYH2_15	16.6645571637547	16.2791666666667	18.90525	307.791315	1.16123006471956	18.2445	1.16123006471956	33.90525
NYH3_15	17.6531457749795	15.805	22.14975	349.79847	1.40265017393925	20.3535	1.40265017393925	37.14975
OHH1_15	15.0346465056689	15.5433333333333	24.1455	375.2789475	1.55360565834505	23.376	1.55360565834505	39.1455
ONH1_15	29.7394070696264	16.5233333333333	13.01175	214.8660825	0.78796672073429	19.8765	0.78796672073429	28.01175
ONH2_15	20.2464151413796	16.2425	17.0175	276.344025	1.04797579139137	23.781	1.04797579139137	32.0175
SDH1_15	17.0478998593876	16.0208333333333	20.13	322.5927	1.25619933253732	28.26	1.25619933253732	35.13
TXH1_15	11.2833333333333	14.4366666666667	25.15875	363.146175	1.74305499806733	12.7665	1.74305499806733	40.15875
TXH2_15	12.7455565790971	15.3216666666667	27.255	417.584625	1.77888862998102	17.49	1.77888862998102	42.255
