env_code	meanY	DL	GDD	PTT	PTR	diff	PTD2	PTS
DEH1_15	262.186544984817	15.6725	18.745125	293.98437	1.19533271824092	18.14775	1.19533271824092	33.745125
GAH1_15	204.285714285714	14.3025	20.32125	291.1027875	1.41887897909702	22.4625	1.41887897909702	35.32125
ILH1_15	259.596690940896	15.8645833333333	18.612	295.78275375	1.1712483391117	20.247	1.1712483391117	33.612
INH1_15	237.770278100802	16.1254166666667	23.194125	374.1261	1.43794594855244	17.11875	1.43794594855244	38.194125
MNH1_15	252.482321305212	16.6783333333333	19.34025	322.5742875	1.15956798740116	19.5975	1.15956798740116	34.34025
MOH2_15	232.081306789857	15.8166666666667	21.742875	344.26120125	1.37330631870607	14.67525	1.37330631870607	36.742875
NCH1_15	237.323492900293	15.29125	24.300375	371.62434	1.58911597178384	19.90875	1.58911597178384	39.300375
NEH1_15	258.378760127336	16.0245833333333	22.499625	360.30649875	1.40512961454134	17.40825	1.40512961454134	37.499625
NEH4_15	261.236355044201	16.0245833333333	22.499625	360.30649875	1.40512961454134	17.40825	1.40512961454134	37.499625
NYH2_15	240.121832091317	16.3558333333333	16.183875	264.7877175	0.989220930892533	17.20875	0.989220930892533	31.183875
NYH3_15	244.223020361673	16.46625	17.754	292.35684375	1.07815479575978	17.973	1.07815479575978	32.754
OHH1_15	262.057699947331	16.0666666666667	21.540375	346.0940775	1.34064365157711	15.84675	1.34064365157711	36.540375
ONH2_15	281.822280126749	16.3183333333333	14.905875	243.46416	0.912649056244636	18.18825	0.912649056244636	29.905875
WIH1_15	277.16121658936	16.38875	16.39875	268.59795	1.00125911381875	20.0625	1.00125911381875	31.39875
WIH2_15	262.543159789984	16.5583333333333	16.36125	270.9208875	0.988078844281264	21.6975	0.988078844281264	31.36125
