env_code	meanY	DL	GDD	PTT	PTR	diff	PTD2	PTS
DEH1_15	64.2985658683598	15.3294117647059	18.1736470588235	278.142395294118	1.18756954307354	19.9122352941176	1.18756954307354	33.1736470588235
GAH1_15	60.0593220338983	13.9005882352941	20.6576470588235	287.155429411765	1.48627651872324	15.9882352941176	1.48627651872324	35.6576470588235
ILH1_15	69.0877037878629	15.5094117647059	15.5191764705882	241.008151764706	0.999438385514764	17.6463529411765	0.999438385514764	30.5191764705882
INH1_15	68.385466624872	15.9376470588235	18.7353529411765	298.480150588235	1.17606575632847	20.8111764705882	1.17606575632847	33.7353529411765
MNH1_15	74.9745993955528	16.5476470588235	16.2725294117647	269.65845	0.981992538516727	18.0412941176471	0.981992538516727	31.2725294117647
MOH1_15	76.2178511866451	15.5	15.9098823529412	246.851528823529	1.0255102695876	14.7218823529412	1.0255102695876	30.9098823529412
MOH2_15	72.9811185222872	15.5282352941176	15.6806470588235	243.533572941176	1.00973690750653	14.4857647058824	1.00973690750653	30.6806470588235
NYH2_15	82.1379799238041	16.0447058823529	14.3565882352941	230.355561176471	0.894828623122818	16.4752941176471	0.894828623122818	29.3565882352941
NYH3_15	75.2639909257896	16.4076470588235	16.5478235294118	271.766530588235	1.00760901465472	17.3276470588235	1.00760901465472	31.5478235294118
OHH1_15	63.6786458974903	15.9847058823529	19.539	312.780303529412	1.22059550393949	19.3944705882353	1.22059550393949	34.539
ONH1_15	85.4056477543027	15.9088235294118	12.573	200.258994705882	0.78951614984718	17.3107058823529	0.78951614984718	27.573
ONH2_15	78.5484817501291	16.0064705882353	13.176	210.740071764706	0.823861652041099	16.3291764705882	0.823861652041099	28.176
SDH1_15	70.1634752393193	16.62	14.7652941176471	245.315858823529	0.888727123557079	19.6411764705882	0.888727123557079	29.7652941176471
TXH1_15	69.0948275862069	13.0794117647059	17.8972941176471	234.272117647059	1.36748598678233	18.1334117647059	1.36748598678233	32.8972941176471
TXH2_15	76.1957980195576	14.7535294117647	16.0517647058824	236.683747058824	1.08871110284348	21.4094117647059	1.08871110284348	31.0517647058824
