env_code	meanY	DL	GDD	PTT	PTR	diff	PTD2	PTS
DEH1_15	191.958723637371	15.7658333333333	18.76875	295.7528475	1.19110759421199	15.7905	1.19110759421199	33.76875
GAH1_15	147.461984295396	14.42	21.015	303.415425	1.45559519944447	25.74	1.45559519944447	36.015
ILH1_15	160.3049424929	15.9591666666667	17.39925	278.069655	1.08871213179409	21.5985	1.08871213179409	32.39925
INH1_15	149.194213087528	16.1658333333333	24.402	394.44681	1.50960303933808	14.31	1.50960303933808	39.402
MNH1_15	161.918994125036	16.7016666666667	20.20575	337.457205	1.20985019273353	20.8755	1.20985019273353	35.20575
MOH2_15	114.459616813615	15.89	25.85925	410.95773	1.62718732545976	16.2345	1.62718732545976	40.85925
NCH1_15	155.719083269422	15.375	24.58425	377.9073375	1.59931546957262	18.2325	1.59931546957262	39.58425
NEH1_15	106.904099818039	15.9475	25.5375	407.15778	1.6017945473331	16.494	1.6017945473331	40.5375
NEH4_15	113.364850354586	15.9475	25.5375	407.15778	1.6017945473331	16.494	1.6017945473331	40.5375
NYH3_15	120.498767753694	16.4666666666667	16.15725	266.09535	0.981067628254952	17.3655	0.981067628254952	31.15725
OHH1_15	163.353980455211	16.0766666666667	19.40475	311.9904525	1.20691154969786	16.0425	1.20691154969786	34.40475
ONH1_15	210.908051518703	16.4333333333333	11.69625	192.38406	0.711101541266519	19.3755	0.711101541266519	26.69625
ONH2_15	202.060476060044	16.3975	16.7535	274.7754375	1.02149330672865	18.777	1.02149330672865	31.7535
SDH1_15	76.2900637244559	16.7041666666667	19.0875	318.78975	1.14286554055149	22.125	1.14286554055149	34.0875
TXH1_15	135.689331204129	13.6241666666667	22.01775	299.8242675	1.61698862399513	16.3995	1.61698862399513	37.01775
TXH2_15	166.316331141265	15.155	21.195	321.362475	1.3979057322811	21.39	1.3979057322811	36.195
WIH1_15	157.985441150975	16.3275	17.6325	287.776125	1.08039823805174	20.415	1.08039823805174	32.6325
WIH2_15	143.902446696855	16.5725	16.5	273.44445	0.995633122138666	22.5	0.995633122138666	31.5
